    10     1
    GFSQ    26     8    27     0     0
    GFSQ    26     8    28     0     0
    GFSQ    26     8    29     0     0
    GFSQ    26     8    30     0     0
    GFSQ    26     8    31     0     0
    GFSQ    26     9     1     0     0
    GFSQ    26     9     2     0     0
    GFSQ    26     9     3     0     0
    GFSQ    26     9     4     0     0
    GFSQ    26     9     5     0     0
    27 BACKWARD OMEGA   
    26     9     4    23   24.707  120.907   10.0
    26     9     4    23   24.707  120.907   10.0
    26     9     4    23   24.707  120.907   10.0
    26     9     4    23   24.707  120.907   10.0
    26     9     4    23   24.707  120.907   10.0
    26     9     4    23   24.707  120.907   10.0
    26     9     4    23   24.707  120.907   10.0
    26     9     4    23   24.707  120.907   10.0
    26     9     4    23   24.707  120.907   10.0
    26     9     4    23   24.707  120.907   10.0
    26     9     4    23   24.707  120.907   10.0
    26     9     4    23   24.707  120.907   10.0
    26     9     4    23   24.707  120.907   10.0
    26     9     4    23   24.707  120.907   10.0
    26     9     4    23   24.707  120.907   10.0
    26     9     4    23   24.707  120.907   10.0
    26     9     4    23   24.707  120.907   10.0
    26     9     4    23   24.707  120.907   10.0
    26     9     4    23   24.707  120.907   10.0
    26     9     4    23   24.707  120.907   10.0
    26     9     4    23   24.707  120.907   10.0
    26     9     4    23   24.707  120.907   10.0
    26     9     4    23   24.707  120.907   10.0
    26     9     4    23   24.707  120.907   10.0
    26     9     4    23   24.707  120.907   10.0
    26     9     4    23   24.707  120.907   10.0
    26     9     4    23   24.707  120.907   10.0
     8 PRESSURE THETA    AIR_TEMP RAINFALL MIXDEPTH RELHUMID TERR_MSL SUN_FLUX
     1     1    26     9     4    23     0     1     0.0   24.707  120.907    100.0    973.6    300.6    298.3      0.2    533.0     83.8    198.8     41.5
     2     1    26     9     4    23     0     1     0.0   24.707  120.907    100.0    991.9    300.3    299.6      0.5    688.1     79.9     28.6     46.5
     3     1    26     9     4    23     0     1     0.0   24.707  120.907    100.0    914.5    302.8    295.1      0.2    371.5     90.1    750.4     41.3
     4     1    26     9     4    23     0     1     0.0   24.707  120.907    100.0    922.4    302.1    295.0      0.2    295.5     92.5    691.6     30.7
     5     1    26     9     4    23     0     1     0.0   24.707  120.907    100.0    979.0    300.2    298.3      0.7    503.4     84.9    154.6     33.6
     6     1    26     9     4    23     0     1     0.0   24.707  120.907    100.0    820.0    307.4    290.3      0.2    263.8     95.4   1700.9     31.0
     7     1    26     9     4    23     0     1     0.0   24.707  120.907    100.0    992.9    300.3    299.7      0.3    718.2     79.7     16.5     47.6
     8     1    26     9     4    23     0     1     0.0   24.707  120.907    100.0    995.0    300.6    300.1      0.4    766.8     77.0      0.0     47.6
     9     1    26     9     4    23     0     1     0.0   24.707  120.907    100.0    982.3    300.3    298.8      0.2    573.2     83.6    114.1     46.1
    10     1    26     9     4    23     0     1     0.0   24.707  120.907    100.0    983.6    300.4    298.9      0.2    533.0     83.9    198.8     41.5
    11     1    26     9     4    23     0     1     0.0   24.707  120.907    100.0   1002.0    300.0    300.2      0.5    688.1     80.9     28.6     46.5
    12     1    26     9     4    23     0     1     0.0   24.707  120.907    100.0    924.0    302.6    295.7      0.2    371.5     89.3    750.4     41.3
    13     1    26     9     4    23     0     1     0.0   24.707  120.907    100.0    932.0    301.8    295.7      0.2    295.5     91.9    691.6     30.7
    14     1    26     9     4    23     0     1     0.0   24.707  120.907    100.0    989.0    299.8    298.9      0.7    503.4     85.9    154.6     33.6
    15     1    26     9     4    23     0     1     0.0   24.707  120.907    100.0    828.7    307.4    291.2      0.2    263.8     93.7   1700.9     31.0
    16     1    26     9     4    23     0     1     0.0   24.707  120.907    100.0   1003.0    300.1    300.4      0.3    718.2     80.1     16.5     47.6
    17     1    26     9     4    23     0     1     0.0   24.707  120.907    100.0   1005.1    300.4    300.9      0.4    766.8     78.3      0.0     47.6
    18     1    26     9     4    23     0     1     0.0   24.707  120.907    100.0    992.4    300.1    299.5      0.2    573.2     83.3    114.1     46.1
    19     1    26     9     4    23     0     1     0.0   24.707  120.907    100.0    946.5    301.1    296.3      0.2    533.0     88.6    198.8     41.5
    20     1    26     9     4    23     0     1     0.0   24.707  120.907    100.0    964.2    300.5    297.4      0.5    688.1     85.2     28.6     46.5
    21     1    26     9     4    23     0     1     0.0   24.707  120.907    100.0    889.3    303.5    293.3      0.2    371.5     93.4    750.4     41.3
    22     1    26     9     4    23     0     1     0.0   24.707  120.907    100.0    897.0    302.9    293.5      0.2    295.5     95.2    691.6     30.7
    23     1    26     9     4    23     0     1     0.0   24.707  120.907    100.0    951.7    300.5    296.3      0.7    503.4     90.5    154.6     33.6
    24     1    26     9     4    23     0     1     0.0   24.707  120.907    100.0    798.0    308.2    288.8      0.2    263.8     96.4   1700.9     31.0
    25     1    26     9     4    23     0     1     0.0   24.707  120.907    100.0    965.2    300.7    297.6      0.3    718.2     83.5     16.5     47.6
    26     1    26     9     4    23     0     1     0.0   24.707  120.907    100.0    967.2    300.8    297.9      0.4    766.8     81.4      0.0     47.6
    27     1    26     9     4    23     0     1     0.0   24.707  120.907    100.0    955.0    300.7    296.8      0.2    573.2     88.2    114.1     46.1
     1     1    26     9     4    22     0     2    -1.0   24.767  120.958     99.2    977.3    300.4    298.4      0.4    385.1     83.5    164.9     19.5
     2     1    26     9     4    22     0     2    -1.0   24.895  120.935     76.1    997.2    300.3    300.1      0.8    770.0     79.5      2.0     26.2
     3     1    26     9     4    22     0     2    -1.0   24.704  120.881     40.1    916.7    302.6    295.1      0.2    258.5     91.0    777.6     21.2
     4     1    26     9     4    22     0     2    -1.0   24.673  120.853     50.9    941.7    301.0    295.8      0.2    184.0     91.7    545.5     14.6
     5     1    26     9     4    22     0     2    -1.0   24.829  120.888     11.8   1000.4    299.9    300.0      1.3    647.0     83.1     36.0     21.0
     6     1    26     9     4    22     0     2    -1.0   24.661  120.813      0.0    836.5    306.6    291.2      0.2    175.5     95.6   1617.9     16.4
     7     1    26     9     4    22     0     2    -1.0   24.849  121.000     89.3    993.6    300.4    299.8      0.5    637.9     78.6     19.8     23.5
     8     1    26     9     4    22     0     2    -1.0   24.906  120.958     96.5    995.3    300.7    300.3      0.3    768.4     76.4      0.1     26.6
     9     1    26     9     4    22     0     2    -1.0   24.785  120.964     95.2    974.6    300.7    298.4      0.2    446.2     83.1    184.9     23.1
    10     1    26     9     4    22     0     2    -1.0   24.707  120.919    272.1    988.1    299.9    298.9      0.3    362.7     84.2    144.1     19.4
    11     1    26     9     4    22     0     2    -1.0   24.830  120.919    249.9   1003.9    300.1    300.4      0.7    709.0     80.9      8.6     25.6
    12     1    26     9     4    22     0     2    -1.0   24.671  120.855    242.1    918.2    302.4    295.1      0.2    256.3     91.7    791.4     21.8
    13     1    26     9     4    22     0     2    -1.0   24.651  120.842    244.1    941.8    300.9    295.7      0.2    179.8     92.5    588.5     14.8
    14     1    26     9     4    22     0     2    -1.0   24.773  120.874    249.4    998.6    299.8    299.6      1.1    563.2     84.2     58.0     19.2
    15     1    26     9     4    22     0     2    -1.0   24.652  120.810    233.8    836.0    306.6    291.2      0.2    175.8     95.6   1621.7     16.4
    16     1    26     9     4    22     0     2    -1.0   24.801  120.977    251.0   1002.3    300.2    300.4      0.4    632.6     80.2     21.1     23.4
    17     1    26     9     4    22     0     2    -1.0   24.853  120.943    250.0   1005.0    300.6    301.0      0.3    756.7     77.4      0.7     26.1
    18     1    26     9     4    22     0     2    -1.0   24.734  120.922    250.6    989.2    299.9    299.0      0.2    426.0     84.4    137.0     23.8
    19     1    26     9     4    22     0     2    -1.0   24.825  120.975     52.8    958.5    300.8    297.2      0.5    425.2     86.2    131.0     19.9
    20     1    26     9     4    22     0     2    -1.0   24.940  120.937     44.6    973.1    300.4    298.1      0.7    791.6     84.7      0.0     26.4
    21     1    26     9     4    22     0     2    -1.0   24.740  120.915    124.9    885.6    303.7    293.3      0.2    253.2     92.5    754.3     20.4
    22     1    26     9     4    22     0     2    -1.0   24.727  120.870     21.9    926.4    301.6    295.1      0.4    220.0     92.5    473.2     14.4
    23     1    26     9     4    22     0     2    -1.0   24.896  120.899      0.0    979.4    300.2    298.4      1.6    753.9     85.9      6.3     23.6
    24     1    26     9     4    22     0     2    -1.0   24.679  120.823    115.1    808.6    307.7    289.4      0.2    174.3     96.4   1572.6     16.0
    25     1    26     9     4    22     0     2    -1.0   24.899  121.008     62.1    969.9    300.7    298.1      0.6    662.3     82.1     11.3     23.9
    26     1    26     9     4    22     0     2    -1.0   24.951  120.961     89.0    968.4    300.8    298.1      0.2    778.3     81.6      0.0     26.7
    27     1    26     9     4    22     0     2    -1.0   24.842  121.002     96.9    949.2    301.3    296.8      0.3    463.1     85.4    168.4     22.3
     1     1    26     9     4    21     0     3    -2.0   24.946  121.054     36.7    994.4    299.9    299.4      0.8    386.2     83.1     67.5      0.0
     2     1    26     9     4    21     0     3    -2.0   25.244  121.009     82.4    995.6    300.5    300.1      0.2    819.1     79.5      0.0      0.0
     3     1    26     9     4    21     0     3    -2.0   24.756  120.937     49.1    916.7    302.5    294.9      0.2    129.9     91.5    774.7      0.0
     4     1    26     9     4    21     0     3    -2.0   24.722  120.878     36.4    947.9    300.7    296.1      0.3    116.8     90.7    497.9      0.0
     5     1    26     9     4    21     0     3    -2.0   25.107  120.931      0.0   1002.7    300.2    300.4      0.8    796.7     82.8      2.1      0.0
     6     1    26     9     4    21     0     3    -2.0   24.691  120.810      0.0    851.1    305.5    291.5      0.2     79.8     96.9   1470.8      0.0
     7     1    26     9     4    21     0     3    -2.0   25.126  121.137     74.2    997.2    300.3    300.1      0.6    714.9     79.3      2.9      0.0
     8     1    26     9     4    21     0     3    -2.0   25.244  121.063    108.9    993.4    300.8    300.2      0.1    819.1     77.1      0.0      0.0
     9     1    26     9     4    21     0     3    -2.0   24.927  121.112    109.9    981.2    300.5    298.8      0.2    268.4     80.8    115.4      0.0
    10     1    26     9     4    21     0     3    -2.0   24.817  121.009    282.5    982.9    300.0    298.5      0.5    272.8     84.7    175.6      0.0
    11     1    26     9     4    21     0     3    -2.0   25.118  120.993    250.0   1004.3    300.4    300.8      0.4    808.3     80.1      0.0      0.0
    12     1    26     9     4    21     0     3    -2.0   24.708  120.894    255.3    916.2    302.2    294.6      0.2    135.5     93.8    801.7      0.0
    13     1    26     9     4    21     0     3    -2.0   24.673  120.862    271.8    941.4    300.7    295.6      0.2     86.2     91.9    566.1      0.0
    14     1    26     9     4    21     0     3    -2.0   25.026  120.922    250.0   1002.6    300.2    300.4      1.1    777.0     82.7      3.0      0.0
    15     1    26     9     4    21     0     3    -2.0   24.681  120.806    235.0    848.1    305.6    291.4      0.2     80.0     97.1   1498.7      0.0
    16     1    26     9     4    21     0     3    -2.0   25.000  121.100    249.9   1003.0    300.0    300.3      0.6    590.0     81.3     11.4      0.0
    17     1    26     9     4    21     0     3    -2.0   25.128  121.045    250.7   1004.9    300.7    301.1      0.1    810.9     77.7      0.0      0.0
    18     1    26     9     4    21     0     3    -2.0   24.829  121.024    270.2    978.1    300.4    298.4      0.2    310.6     84.7    223.8      0.0
    19     1    26     9     4    21     0     3    -2.0   25.093  121.077      0.0    981.5    300.3    298.7      1.2    635.7     84.2     23.3      0.0
    20     1    26     9     4    21     0     3    -2.0   25.342  121.008     74.1    968.3    300.6    297.9      0.1    819.1     84.8      0.0      0.0
    21     1    26     9     4    21     0     3    -2.0   24.859  121.008    127.6    904.6    303.0    294.3      0.2    120.7     90.6    579.2      0.0
    22     1    26     9     4    21     0     3    -2.0   24.881  120.920      0.0    968.7    300.5    297.8      0.7    214.6     85.7    188.3      0.0
    23     1    26     9     4    21     0     3    -2.0   25.281  120.939      9.1    975.1    300.2    298.0      0.3    815.3     87.1      0.0      0.0
    24     1    26     9     4    21     0     3    -2.0   24.746  120.834    131.2    833.5    306.4    290.6      0.2     77.2     95.5   1300.2      0.0
    25     1    26     9     4    21     0     3    -2.0   25.241  121.142     46.5    972.9    300.5    298.1      0.5    775.8     84.2      0.0      0.0
    26     1    26     9     4    21     0     3    -2.0   25.337  121.056    119.0    964.2    301.0    297.8      0.0    819.1     81.8      0.0      0.0
    27     1    26     9     4    21     0     3    -2.0   25.053  121.170     59.2    961.5    301.1    297.7      0.5    318.9     83.1     89.7      0.0
     1     1    26     9     4    20     0     2    -3.0   25.157  121.116      0.0   1003.6    300.1    300.4      0.0    670.0     82.3      1.1      0.0
     2     1    26     9     4    20     0     2    -3.0   25.627  121.061     95.8    994.3    300.6    300.1      1.0    837.9     78.2      0.0      0.0
     3     1    26     9     4    20     0     2    -3.0   24.805  120.992     66.5    918.5    302.6    295.2      0.8    100.8     89.7    754.3      0.0
     4     1    26     9     4    20     0     2    -3.0   24.779  120.900     17.9    960.2    300.4    296.9      0.0    129.6     89.6    407.6      0.0
     5     1    26     9     4    20     0     2    -3.0   25.432  120.955      0.1   1003.3    300.2    300.5      1.1    822.7     82.0      0.0      0.0
     6     1    26     9     4    20     0     2    -3.0   24.714  120.809      0.0    862.5    305.0    292.1      1.6     83.4     96.0   1361.0      0.0
     7     1    26     9     4    20     0     2    -3.0   25.472  121.228     83.9    995.9    300.5    300.1      0.6    784.6     79.7      0.0      0.0
     8     1    26     9     4    20     0     2    -3.0   25.609  121.138    121.7    992.0    300.9    300.2      1.0    821.9     75.8      0.0      0.0
     9     1    26     9     4    20     0     2    -3.0   25.065  121.238    106.0    977.0    300.7    298.7      0.0    258.4     82.1    155.2      0.0
    10     1    26     9     4    20     0     2    -3.0   24.945  121.075    249.3    996.7    299.6    299.3      0.0    330.3     85.0     74.8      0.0
    11     1    26     9     4    20     0     2    -3.0   25.437  121.046    250.3   1003.5    300.6    300.9      1.0    814.0     79.7      0.0      0.0
    12     1    26     9     4    20     0     2    -3.0   24.745  120.941    289.5    911.9    302.8    294.7      0.9    104.4     91.5    824.3      0.0
    13     1    26     9     4    20     0     2    -3.0   24.706  120.880    277.6    944.5    301.0    296.1      0.1     92.6     90.4    535.7      0.0
    14     1    26     9     4    20     0     2    -3.0   25.340  120.950    250.1   1003.4    300.2    300.5      1.0    805.7     82.4      0.0      0.0
    15     1    26     9     4    20     0     2    -3.0   24.705  120.804    236.1    859.8    305.1    292.0      1.6     83.9     96.3   1386.6      0.0
    16     1    26     9     4    20     0     2    -3.0   25.258  121.190    250.0   1004.6    300.3    300.7      0.1    724.5     80.5      0.0      0.0
    17     1    26     9     4    20     0     2    -3.0   25.426  121.123    251.3   1003.7    300.9    301.2      0.9    794.6     77.4      0.0      0.0
    18     1    26     9     4    20     0     2    -3.0   24.908  121.137    317.6    983.0    300.4    298.9      0.2    175.0     81.1    142.6      0.0
    19     1    26     9     4    20     0     2    -3.0   25.465  121.141      3.0    976.4    300.3    298.3      0.6    786.8     85.9      0.0      0.0
    20     1    26     9     4    20     0     2    -3.0   25.784  121.054    106.2    965.5    300.7    297.7      0.6    846.3     82.7      0.0      0.0
    21     1    26     9     4    20     0     2    -3.0   24.980  121.086     78.9    926.6    302.0    295.5      0.0    129.8     89.0    411.2      0.0
    22     1    26     9     4    20     0     2    -3.0   25.111  120.975      0.0    977.2    300.4    298.4      0.0    522.4     85.2     51.7      0.0
    23     1    26     9     4    20     0     2    -3.0   25.727  120.967     36.1    972.5    300.3    297.9      0.8    846.6     85.2      0.0      0.0
    24     1    26     9     4    20     0     2    -3.0   24.820  120.853    123.4    863.0    304.9    292.1      0.9     74.4     93.9   1006.4      0.0
    25     1    26     9     4    20     0     2    -3.0   25.654  121.230     89.8    966.8    300.7    297.8      1.0    804.4     83.8      0.0      0.0
    26     1    26     9     4    20     0     2    -3.0   25.754  121.117    150.5    961.5    301.2    297.8      0.6    822.7     78.1      0.0      0.0
    27     1    26     9     4    20     0     2    -3.0   25.307  121.289      0.0    978.6    300.6    298.7      0.0    526.7     82.7     30.0      0.0
     1     1    26     9     4    19     0     1    -4.0   25.437  121.164      0.0   1004.0    300.1    300.5      0.6    744.8     83.1      0.0      0.0
     2     1    26     9     4    19     0     1    -4.0   26.044  121.105    111.7    992.7    300.7    300.0      0.1    839.3     76.5      0.0      0.0
     3     1    26     9     4    19     0     1    -4.0   24.846  121.031     57.5    926.6    302.4    295.7      0.6     78.4     88.6    690.9      0.0
     4     1    26     9     4    19     0     1    -4.0   24.827  120.916      0.0    971.6    300.3    297.8      0.0    123.6     88.2    312.8      0.0
     5     1    26     9     4    19     0     1    -4.0   25.781  120.980      0.1   1003.6    300.4    300.8      0.6    812.4     80.0      0.0      0.0
     6     1    26     9     4    19     0     1    -4.0   24.733  120.807      0.0    872.1    304.6    292.7      1.4     83.0     95.1   1269.2      0.0
     7     1    26     9     4    19     0     1    -4.0   25.850  121.300     99.8    994.2    300.7    300.2      1.0    801.1     77.9      0.0      0.0
     8     1    26     9     4    19     0     1    -4.0   26.005  121.203    141.7    989.8    300.9    300.0      0.0    846.8     75.0      0.0      0.0
     9     1    26     9     4    19     0     1    -4.0   25.218  121.330     45.1    993.4    300.2    299.7      0.0    320.1     81.7     68.2      0.0
    10     1    26     9     4    19     0     1    -4.0   25.102  121.130    249.8   1001.7    300.0    300.1      0.0    499.4     83.2     24.8      0.0
    11     1    26     9     4    19     0     1    -4.0   25.773  121.092    251.3   1004.2    300.6    301.0      0.7    805.8     78.0      0.0      0.0
    12     1    26     9     4    19     0     1    -4.0   24.783  120.981    293.1    914.4    302.9    295.0      0.9     82.8     90.0    809.4      0.0
    13     1    26     9     4    19     0     1    -4.0   24.741  120.895    260.1    952.4    300.9    296.7      0.0     94.8     89.7    484.5      0.0
    14     1    26     9     4    19     0     1    -4.0   25.680  120.976    250.1   1003.7    300.4    300.7      0.9    811.7     80.7      0.0      0.0
    15     1    26     9     4    19     0     1    -4.0   24.724  120.802    237.1    869.5    304.8    292.6      1.5     83.5     95.3   1293.2      0.0
    16     1    26     9     4    19     0     1    -4.0   25.556  121.261    250.3   1004.2    300.5    300.8      0.8    771.6     80.4      0.0      0.0
    17     1    26     9     4    19     0     1    -4.0   25.744  121.193    253.9   1004.6    300.8    301.2      0.7    813.0     76.1      0.0      0.0
    18     1    26     9     4    19     0     1    -4.0   24.992  121.239    334.6    970.9    301.0    298.4      0.0    161.2     82.3    234.8      0.0
    19     1    26     9     4    19     0     1    -4.0   25.893  121.189     31.7    973.5    300.4    298.1      1.0    806.6     84.9      0.0      0.0
    20     1    26     9     4    19     0     1    -4.0   26.264  121.091    146.9    961.2    300.8    297.5      0.0    899.1     81.0      0.0      0.0
    21     1    26     9     4    19     0     1    -4.0   25.124  121.151      0.0    960.9    301.1    297.6      0.0    152.5     85.2    196.3      0.0
    22     1    26     9     4    19     0     1    -4.0   25.446  121.023      0.0    978.5    300.3    298.4      0.9    724.1     86.9      0.0      0.0
    23     1    26     9     4    19     0     1    -4.0   26.214  120.990     58.2    970.4    300.5    297.9      0.0    891.4     83.6      0.0      0.0
    24     1    26     9     4    19     0     1    -4.0   24.900  120.879     90.0    898.5    303.1    293.9      0.3     60.5     91.2    677.0      0.0
    25     1    26     9     4    19     0     1    -4.0   26.111  121.295    132.0    963.0    300.9    297.7      0.4    816.4     80.8      0.0      0.0
    26     1    26     9     4    19     0     1    -4.0   26.207  121.162    194.3    956.6    301.5    297.7      0.0    868.6     75.2      0.0      0.0
    27     1    26     9     4    19     0     1    -4.0   25.646  121.370      0.0    978.3    300.4    298.5      0.4    728.3     84.9      0.0      0.0
     1     1    26     9     4    18     0     0    -5.0   25.751  121.202      0.0   1004.2    300.4    300.7      1.1    804.0     81.5      0.0      0.0
     2     1    26     9     4    18     0     0    -5.0   26.484  121.139    130.0    991.1    300.6    299.9      0.0    958.2     76.3      0.0      0.0
     3     1    26     9     4    18     0     0    -5.0   24.874  121.055     33.0    936.0    302.1    296.3      0.4     60.6     88.2    627.2      0.0
     4     1    26     9     4    18     0     0    -5.0   24.868  120.930      0.0    981.2    300.2    298.6      0.0    104.1     86.5    223.2      0.0
     5     1    26     9     4    18     0     0    -5.0   26.157  121.003      0.1   1003.8    300.5    300.8      0.0    846.4     79.0      0.0      0.0
     6     1    26     9     4    18     0     0    -5.0   24.748  120.805      0.0    880.2    304.4    293.2      1.3     79.2     94.2   1192.0      0.0
     7     1    26     9     4    18     0     0    -5.0   26.272  121.362    117.5    992.5    300.7    300.0      0.2    794.8     76.2      0.0      0.0
     8     1    26     9     4    18     0     0    -5.0   26.417  121.255    158.0    988.0    301.0    300.0      0.0    872.7     74.6      0.0      0.0
     9     1    26     9     4    18     0     0    -5.0   25.382  121.394      4.7   1003.3    299.9    300.2      0.0    465.9     83.0     12.6      0.0
    10     1    26     9     4    18     0     0    -5.0   25.338  121.189    250.0   1004.1    300.0    300.3      0.1    628.3     83.7      4.0      0.0
    11     1    26     9     4    18     0     0    -5.0   26.136  121.132    252.0   1004.6    300.6    301.0      0.0    817.8     77.2      0.0      0.0
    12     1    26     9     4    18     0     0    -5.0   24.812  121.008    274.9    920.7    302.8    295.5      0.8     65.1     89.4    773.1      0.0
    13     1    26     9     4    18     0     0    -5.0   24.766  120.906    245.6    957.6    300.9    297.2      0.0     84.4     88.6    444.5      0.0
    14     1    26     9     4    18     0     0    -5.0   26.049  121.002    250.1   1003.8    300.5    300.8      0.1    818.5     79.0      0.0      0.0
    15     1    26     9     4    18     0     0    -5.0   24.739  120.799    237.8    877.8    304.5    293.1      1.3     79.6     94.4   1215.0      0.0
    16     1    26     9     4    18     0     0    -5.0   25.874  121.329    252.3   1004.6    300.6    301.0      1.0    765.5     78.5      0.0      0.0
    17     1    26     9     4    18     0     0    -5.0   26.091  121.258    256.6   1004.6    300.9    301.2      0.0    816.3     76.0      0.0      0.0
    18     1    26     9     4    18     0     0    -5.0   25.079  121.315    306.0    976.3    300.9    298.8      0.0    164.1     82.5    215.0      0.0
    19     1    26     9     4    18     0     0    -5.0   26.375  121.231     49.4    971.7    300.6    298.1      0.0    832.4     82.7      0.0      0.0
    20     1    26     9     4    18     0     0    -5.0   26.753  121.117    213.1    954.4    301.0    297.0      0.0    973.9     80.9      0.0      0.0
    21     1    26     9     4    18     0     0    -5.0   25.290  121.216      0.0    974.5    300.9    298.7      0.0    289.9     82.5     78.1      0.0
    22     1    26     9     4    18     0     0    -5.0   25.868  121.061     15.3    974.9    300.3    298.1      0.9    802.1     86.8      0.0      0.0
    23     1    26     9     4    18     0     0    -5.0   26.708  121.004    123.4    964.1    300.3    297.2      0.0    991.1     84.8      0.0      0.0
    24     1    26     9     4    18     0     0    -5.0   24.989  120.909     47.3    920.2    302.4    295.3      0.0     75.7     88.2    512.2      0.0
    25     1    26     9     4    18     0     0    -5.0   26.610  121.345    184.2    957.5    301.0    297.3      0.0    899.0     80.5      0.0      0.0
    26     1    26     9     4    18     0     0    -5.0   26.652  121.198    252.1    950.2    301.7    297.3      0.0    851.8     76.4      0.0      0.0
    27     1    26     9     4    18     0     0    -5.0   26.054  121.434     26.6    974.6    300.4    298.2      1.0    789.9     85.3      0.0      0.0
     1     1    26     9     4    17     0     1    -6.0   26.086  121.247      0.0   1004.0    300.6    300.9      0.3    757.9     80.3      0.0      0.0
     2     1    26     9     4    17     0     1    -6.0   26.916  121.171    163.2    987.9    300.7    299.7      0.0    953.1     75.7      0.0      0.0
     3     1    26     9     4    17     0     1    -6.0   24.890  121.072     14.5    941.4    301.7    296.5      0.2     48.7     89.1    594.2      0.0
     4     1    26     9     4    17     0     1    -6.0   24.899  120.941      0.0    989.1    300.0    299.0      0.0     78.0     85.6    152.4      0.0
     5     1    26     9     4    17     0     1    -6.0   26.532  121.028      1.3   1005.1    300.4    300.8      0.0    930.7     79.2      0.0      0.0
     6     1    26     9     4    17     0     1    -6.0   24.762  120.803      0.0    887.1    304.1    293.6      1.1     63.2     93.4   1126.4      0.0
     7     1    26     9     4    17     0     1    -6.0   26.718  121.416    143.3    990.1    300.7    299.8      0.0    904.6     76.7      0.0      0.0
     8     1    26     9     4    17     0     1    -6.0   26.817  121.302    181.9    985.8    301.0    299.8      0.0    813.8     74.0      0.0      0.0
     9     1    26     9     4    17     0     1    -6.0   25.597  121.456      0.0   1004.3    300.2    300.6      0.3    569.8     82.6      5.6      0.0
    10     1    26     9     4    17     0     1    -6.0   25.628  121.234    250.1   1004.5    300.3    300.7      0.4    743.0     82.5      0.0      0.0
    11     1    26     9     4    17     0     1    -6.0   26.501  121.171    254.0   1005.1    300.6    301.0      0.0    913.6     77.3      0.0      0.0
    12     1    26     9     4    17     0     1    -6.0   24.829  121.026    256.4    925.6    302.5    295.7      0.6     55.2     90.0    748.7      0.0
    13     1    26     9     4    17     0     1    -6.0   24.787  120.914    246.0    962.1    300.9    297.5      0.0     61.8     88.1    404.1      0.0
    14     1    26     9     4    17     0     1    -6.0   26.425  121.029    251.2   1005.1    300.4    300.8      0.0    912.1     79.5      0.0      0.0
    15     1    26     9     4    17     0     1    -6.0   24.752  120.797    238.5    884.8    304.2    293.5      1.2     63.5     93.6   1148.9      0.0
    16     1    26     9     4    17     0     1    -6.0   26.218  121.389    253.6   1004.6    300.7    301.1      0.2    756.6     78.7      0.0      0.0
    17     1    26     9     4    17     0     1    -6.0   26.437  121.317    258.8   1005.1    300.8    301.2      0.0    836.0     76.1      0.0      0.0
    18     1    26     9     4    17     0     1    -6.0   25.142  121.366    274.4    988.9    300.2    299.3      0.0    120.9     83.7    137.7      0.0
    19     1    26     9     4    17     0     1    -6.0   26.873  121.267    115.3    965.5    300.5    297.5      0.0    946.3     83.8      0.0      0.0
    20     1    26     9     4    17     0     1    -6.0   27.232  121.132    323.2    943.0    301.2    296.2      0.0    914.6     81.5      0.0      0.0
    21     1    26     9     4    17     0     1    -6.0   25.520  121.287      0.0    979.9    300.8    299.0      0.3    462.0     82.6     33.8      0.0
    22     1    26     9     4    17     0     1    -6.0   26.340  121.101     26.6    973.8    300.5    298.2      0.0    834.9     85.6      0.0      0.0
    23     1    26     9     4    17     0     1    -6.0   27.197  121.007    221.3    953.9    300.7    296.7      0.0    949.9     83.3      0.0      0.0
    24     1    26     9     4    17     0     1    -6.0   25.083  120.941      0.4    946.4    301.8    297.0      0.0     68.1     85.1    308.3      0.0
    25     1    26     9     4    17     0     1    -6.0   27.115  121.384    275.8    948.1    301.2    296.7      0.0    917.6     80.7      0.0      0.0
    26     1    26     9     4    17     0     1    -6.0   27.066  121.227    315.0    943.9    301.8    296.9      0.0    668.2     76.8      0.0      0.0
    27     1    26     9     4    17     0     1    -6.0   26.510  121.495     38.4    973.1    300.6    298.3      0.1    787.1     84.1      0.0      0.0
     1     1    26     9     4    16     0     2    -7.0   26.441  121.295      1.6   1004.7    300.6    301.0      0.0    825.4     80.9      0.0      0.0
     2     1    26     9     4    16     0     2    -7.0   27.324  121.189    210.7    983.1    300.8    299.3      0.0    909.0     75.1      0.0      0.0
     3     1    26     9     4    16     0     2    -7.0   24.902  121.085     12.8    943.7    301.7    296.7      0.1     36.0     89.3    572.9      0.0
     4     1    26     9     4    16     0     2    -7.0   24.924  120.950      0.0    992.7    299.9    299.3      0.0     65.8     84.9    123.1      0.0
     5     1    26     9     4    16     0     2    -7.0   26.894  121.051      5.1   1005.6    300.4    300.9      0.0    927.1     78.3      0.0      0.0
     6     1    26     9     4    16     0     2    -7.0   24.774  120.802      0.0    893.2    303.9    294.0      1.0     48.7     92.8   1069.4      0.0
     7     1    26     9     4    16     0     2    -7.0   27.155  121.464    193.7    985.0    300.7    299.4      0.0    904.7     76.6      0.0      0.0
     8     1    26     9     4    16     0     2    -7.0   27.199  121.332    213.9    982.8    301.2    299.7      0.0    734.5     72.9      0.0      0.0
     9     1    26     9     4    16     0     2    -7.0   25.859  121.511      0.4   1004.8    300.4    300.8      0.5    670.9     82.4      0.0      0.0
    10     1    26     9     4    16     0     2    -7.0   25.932  121.293    250.1   1003.9    300.5    300.9      0.5    736.3     81.9      0.0      0.0
    11     1    26     9     4    16     0     2    -7.0   26.856  121.211    259.4   1005.6    300.6    301.1      0.0    904.0     76.6      0.0      0.0
    12     1    26     9     4    16     0     2    -7.0   24.842  121.040    253.1    927.8    302.4    295.8      0.5     44.6     90.2    733.3      0.0
    13     1    26     9     4    16     0     2    -7.0   24.805  120.921    246.4    966.6    300.8    297.9      0.0     38.3     87.5    365.0      0.0
    14     1    26     9     4    16     0     2    -7.0   26.789  121.056    255.1   1005.6    300.4    300.8      0.0    928.4     78.7      0.0      0.0
    15     1    26     9     4    16     0     2    -7.0   24.765  120.796    239.1    890.9    304.0    293.9      1.1     48.9     92.9   1091.6      0.0
    16     1    26     9     4    16     0     2    -7.0   26.569  121.446    258.4   1005.5    300.6    301.1      0.0    822.4     78.7      0.0      0.0
    17     1    26     9     4    16     0     2    -7.0   26.778  121.379    265.2   1005.0    300.8    301.2      0.0    845.8     75.4      0.0      0.0
    18     1    26     9     4    16     0     2    -7.0   25.181  121.396    260.4    994.9    300.0    299.6      0.0     87.6     83.9    104.5      0.0
    19     1    26     9     4    16     0     2    -7.0   27.368  121.291    213.0    955.3    300.8    296.9      0.0    905.8     82.8      0.0      0.0
    20     1    26     9     4    16     0     2    -7.0   27.687  121.165    415.7    933.1    301.4    295.5      0.0    908.5     84.4      2.5      0.0
    21     1    26     9     4    16     0     2    -7.0   25.863  121.353      0.0    978.0    300.8    298.9      0.6    671.9     83.7      0.0      0.0
    22     1    26     9     4    16     0     2    -7.0   26.820  121.140     82.1    969.7    300.2    297.5      0.0    933.9     87.0      0.0      0.0
    23     1    26     9     4    16     0     2    -7.0   27.666  121.024    308.3    944.9    300.9    296.1      0.0    929.8     84.9      0.6      0.0
    24     1    26     9     4    16     0     2    -7.0   25.174  120.971      0.0    966.5    301.2    298.3      0.0     65.7     82.2    129.1      0.0
    25     1    26     9     4    16     0     2    -7.0   27.612  121.426    404.1    934.8    301.4    295.7      0.0    910.6     84.1      0.0      0.0
    26     1    26     9     4    16     0     2    -7.0   27.437  121.247    338.3    941.7    302.0    296.9      0.0    498.1     76.4      1.6      0.0
    27     1    26     9     4    16     0     2    -7.0   26.990  121.555     98.9    967.8    300.5    297.7      0.0    892.9     84.6      0.0      0.0
     1     1    26     9     4    15     0     3    -8.0   26.791  121.340      5.7   1006.1    300.4    300.9      0.0    890.4     80.1      0.0      0.0
     2     1    26     9     4    15     0     3    -8.0   27.704  121.199    263.8    977.1    300.9    298.9      0.0    872.1     74.4      4.2      0.0
     3     1    26     9     4    15     0     3    -8.0   24.913  121.097     19.4    944.9    301.7    296.8      0.0     23.2     89.0    552.7      0.0
     4     1    26     9     4    15     0     3    -8.0   24.947  120.958      0.0    993.9    300.0    299.5      0.0     58.4     84.1    115.4      0.0
     5     1    26     9     4    15     0     3    -8.0   27.240  121.066      9.6   1006.1    300.4    300.9      0.0    881.5     76.9      0.0      0.0
     6     1    26     9     4    15     0     3    -8.0   24.786  120.803      0.0    898.6    303.7    294.3      0.9     35.2     92.3   1018.9      0.0
     7     1    26     9     4    15     0     3    -8.0   27.581  121.489    256.3    978.6    300.8    298.9      0.0    862.9     76.4      0.0      0.0
     8     1    26     9     4    15     0     3    -8.0   27.541  121.338    242.3    979.6    301.3    299.5      0.0    658.3     71.4      3.5      0.0
     9     1    26     9     4    15     0     3    -8.0   26.148  121.585      0.4   1004.2    300.5    300.9      0.4    722.2     82.4      0.0      0.0
    10     1    26     9     4    15     0     3    -8.0   26.265  121.362    250.3   1004.3    300.8    301.1      0.0    779.3     82.1      0.0      0.0
    11     1    26     9     4    15     0     3    -8.0   27.196  121.241    267.7   1005.2    300.7    301.1      0.0    852.5     75.3      0.0      0.0
    12     1    26     9     4    15     0     3    -8.0   24.854  121.052    259.3    929.5    302.4    296.0      0.4     33.3     89.9    711.9      0.0
    13     1    26     9     4    15     0     3    -8.0   24.819  120.925    247.5    970.0    300.8    298.1      0.0     13.0     87.0    335.9      0.0
    14     1    26     9     4    15     0     3    -8.0   27.139  121.075    259.1   1006.1    300.4    300.9      0.0    874.5     77.5      0.0      0.0
    15     1    26     9     4    15     0     3    -8.0   24.776  120.797    239.6    896.3    303.8    294.2      1.0     35.4     92.4   1040.9      0.0
    16     1    26     9     4    15     0     3    -8.0   26.922  121.505    267.0   1005.3    300.5    301.0      0.0    877.3     77.1      0.0      0.0
    17     1    26     9     4    15     0     3    -8.0   27.120  121.428    278.9   1004.0    300.9    301.2      0.0    834.0     73.8      0.0      0.0
    18     1    26     9     4    15     0     3    -8.0   25.212  121.419    258.6    996.2    300.1    299.8      0.0     73.9     82.9     97.1      0.0
    19     1    26     9     4    15     0     3    -8.0   27.854  121.331    302.9    946.0    301.0    296.2      0.0    931.8     85.1      0.0      0.0
    20     1    26     9     4    15     0     3    -8.0   28.153  121.249    522.7    915.9    301.5    294.0      0.0    337.6     91.0     63.5      0.0
    21     1    26     9     4    15     0     3    -8.0   26.273  121.441      1.0    977.2    300.7    298.7      0.2    764.7     86.7      0.0      0.0
    22     1    26     9     4    15     0     3    -8.0   27.307  121.172    144.3    963.2    300.4    297.2      0.0    923.7     84.8      0.0      0.0
    23     1    26     9     4    15     0     3    -8.0   28.140  121.091    405.4    931.1    301.1    295.0      0.0    496.6     89.7     39.7      0.0
    24     1    26     9     4    15     0     3    -8.0   25.278  121.005      0.0    970.2    301.2    298.6      0.1    130.9     81.3     97.2      0.0
    25     1    26     9     4    15     0     3    -8.0   28.092  121.517    491.8    923.7    301.6    294.8      0.0    820.0     88.1     17.1      0.0
    26     1    26     9     4    15     0     3    -8.0   27.775  121.271    370.7    931.7    302.2    296.1      0.0    409.4     78.6     66.8      0.0
    27     1    26     9     4    15     0     3    -8.0   27.484  121.604    183.9    959.0    300.7    297.1      0.0    913.2     83.0      0.0      0.0
     1     1    26     9     4    14     0     2    -9.0   27.144  121.381     10.6   1005.4    300.5    301.0      0.0    896.4     79.3      0.0     88.2
     2     1    26     9     4    14     0     2    -9.0   28.081  121.193    395.9    956.1    301.3    297.4      0.0    419.1     78.5     61.4     85.1
     3     1    26     9     4    14     0     2    -9.0   24.925  121.109     32.5    943.1    301.7    296.6      1.8     30.4     90.2    556.2     12.2
     4     1    26     9     4    14     0     2    -9.0   24.964  120.967      0.1    994.1    299.9    299.4      2.0     72.6     85.0    111.0     13.7
     5     1    26     9     4    14     0     2    -9.0   27.577  121.085     17.3   1005.1    300.3    300.8      0.0    898.1     76.2      0.0     85.3
     6     1    26     9     4    14     0     2    -9.0   24.796  120.807      8.7    901.9    303.6    294.5      4.7     38.1     93.0    987.3     10.0
     7     1    26     9     4    14     0     2    -9.0   27.999  121.513    338.3    968.1    300.9    298.1      0.0    854.6     77.4      8.3     86.7
     8     1    26     9     4    14     0     2    -9.0   27.855  121.344    323.2    964.1    301.7    298.5      0.0    578.8     73.2     59.2     85.8
     9     1    26     9     4    14     0     2    -9.0   26.470  121.677      0.5   1004.1    300.9    301.2      0.2    755.1     81.4      0.0     87.1
    10     1    26     9     4    14     0     2    -9.0   26.600  121.427    250.8   1005.1    300.7    301.1      0.0    838.5     81.9      0.0     88.0
    11     1    26     9     4    14     0     2    -9.0   27.535  121.274    279.7   1003.7    300.6    300.9      0.0    866.3     74.6      0.0     84.7
    12     1    26     9     4    14     0     2    -9.0   24.866  121.065    273.7    930.2    302.3    296.0      2.9     35.7     90.6    689.2     13.0
    13     1    26     9     4    14     0     2    -9.0   24.824  120.929    257.0    971.2    300.6    298.0      1.6     24.6     88.4    324.5     15.2
    14     1    26     9     4    14     0     2    -9.0   27.482  121.096    264.9   1005.5    300.4    300.9      0.0    896.4     76.9      0.0     83.8
    15     1    26     9     4    14     0     2    -9.0   24.786  120.801    248.7    899.5    303.7    294.4      4.9     38.4     93.1   1009.4      9.8
    16     1    26     9     4    14     0     2    -9.0   27.282  121.559    276.3   1003.9    300.6    301.0      0.0    848.9     77.2      0.0     87.2
    17     1    26     9     4    14     0     2    -9.0   27.469  121.475    298.6   1001.6    300.8    300.9      0.0    830.5     73.4      0.0     83.6
    18     1    26     9     4    14     0     2    -9.0   25.237  121.441    260.7    996.2    300.0    299.7      2.3     93.9     83.7     92.7     13.5
    19     1    26     9     4    14     0     2    -9.0   28.355  121.415    396.0    934.1    301.1    295.3      0.0    699.7     89.3     22.9     86.7
    20     1    26     9     4    14     0     2    -9.0   28.617  121.368    622.0    898.3    302.1    292.9      0.0    506.2     94.0    127.8     81.0
    21     1    26     9     4    14     0     2    -9.0   26.713  121.534     25.8    974.6    300.7    298.5      0.0    834.5     86.9      0.0     88.0
    22     1    26     9     4    14     0     2    -9.0   27.809  121.210    200.8    957.1    300.6    296.8      0.0    941.1     85.7      0.0     84.9
    23     1    26     9     4    14     0     2    -9.0   28.613  121.201    510.8    913.5    301.3    293.6      0.0    653.1     95.2     89.8     82.0
    24     1    26     9     4    14     0     2    -9.0   25.404  121.057      0.0    973.3    301.3    298.9      3.7    165.6     80.0     72.1      3.6
    25     1    26     9     4    14     0     2    -9.0   28.592  121.653    559.7    912.4    301.9    294.1      0.0    604.3     90.8     48.3     84.7
    26     1    26     9     4    14     0     2    -9.0   28.155  121.312    508.8    903.1    302.2    293.6      0.0    152.7     88.8    197.8     84.0
    27     1    26     9     4    14     0     2    -9.0   27.989  121.662    255.3    951.2    300.9    296.6      0.0    930.5     85.1      0.0     83.9
     1     1    26     9     4    13     0     1   -10.0   27.502  121.421     11.2   1005.1    300.6    301.1      0.0    865.6     79.3      0.0    168.6
     2     1    26     9     4    13     0     1   -10.0   28.429  121.145    516.7    936.0    301.4    295.8      0.0    179.7     84.4    141.7    161.8
     3     1    26     9     4    13     0     1   -10.0   24.934  121.123     59.0    939.3    301.7    296.3      1.8     37.8     91.2    564.9     23.1
     4     1    26     9     4    13     0     1   -10.0   24.971  120.980      2.7    993.8    299.9    299.3      2.1     72.6     86.0    111.8     25.5
     5     1    26     9     4    13     0     1   -10.0   27.906  121.099     52.7    998.8    300.1    300.0      0.0    888.3     75.6     23.0    173.3
     6     1    26     9     4    13     0     1   -10.0   24.805  120.818     35.3    900.3    303.6    294.4      4.6     41.2     93.2    977.1     19.9
     7     1    26     9     4    13     0     1   -10.0   28.429  121.514    474.2    947.9    301.3    296.7      0.0    414.4     82.2     63.1    169.8
     8     1    26     9     4    13     0     1   -10.0   28.177  121.322    472.8    934.0    301.9    296.1      0.0    160.0     82.0    189.1    167.6
     9     1    26     9     4    13     0     1   -10.0   26.797  121.768      1.1   1004.3    300.8    301.2      0.0    806.5     81.6      0.0    176.0
    10     1    26     9     4    13     0     1   -10.0   26.944  121.491    251.7   1004.5    300.8    301.2      0.0    861.7     80.3      0.0    176.0
    11     1    26     9     4    13     0     1   -10.0   27.867  121.302    316.4    997.2    300.3    300.1      0.0    860.0     74.9     19.3    173.3
    12     1    26     9     4    13     0     1   -10.0   24.880  121.083    301.8    928.9    302.3    295.8      2.6     39.1     91.4    670.9     24.9
    13     1    26     9     4    13     0     1   -10.0   24.821  120.933    275.9    967.9    300.5    297.7      1.6     36.2     89.4    334.8     29.7
    14     1    26     9     4    13     0     1   -10.0   27.823  121.116    285.8   1001.5    300.1    300.3      0.0    893.6     75.8     15.3    173.3
    15     1    26     9     4    13     0     1   -10.0   24.796  120.812    275.6    897.9    303.7    294.3      4.8     41.4     93.3    999.8     19.6
    16     1    26     9     4    13     0     1   -10.0   27.656  121.611    283.0   1003.5    300.6    300.9      0.0    868.8     77.3      0.0    165.4
    17     1    26     9     4    13     0     1   -10.0   27.813  121.520    335.8    995.3    300.5    300.1      0.0    842.3     74.4     14.4    173.3
    18     1    26     9     4    13     0     1   -10.0   25.253  121.466    262.9    995.4    300.0    299.6      2.5     93.1     84.5     93.8     23.2
    19     1    26     9     4    13     0     1   -10.0   28.850  121.524    492.7    919.2    301.2    294.0      0.0    773.3     94.3     56.5    164.9
    20     1    26     9     4    13     0     1   -10.0   29.074  121.554    666.8    897.3    302.0    292.8      0.0    695.8     95.9    114.2    157.8
    21     1    26     9     4    13     0     1   -10.0   27.179  121.614     60.5    970.7    300.8    298.2      0.0    862.1     86.6      0.0    176.0
    22     1    26     9     4    13     0     1   -10.0   28.327  121.255    289.4    946.3    300.7    296.0      0.0    865.3     88.9     14.5    173.3
    23     1    26     9     4    13     0     1   -10.0   29.071  121.376    585.9    905.9    301.6    293.2      0.0    703.6     96.0    115.9    157.6
    24     1    26     9     4    13     0     1   -10.0   25.571  121.129      0.0    975.8    301.4    299.3      2.9    328.8     78.3     37.2     40.3
    25     1    26     9     4    13     0     1   -10.0   29.079  121.830    629.8    906.4    301.8    293.5      0.0    772.6     94.0     56.7    162.7
    26     1    26     9     4    13     0     1   -10.0   28.549  121.351    622.2    891.3    302.2    292.4      0.0    100.7     94.1    214.0    156.0
    27     1    26     9     4    13     0     1   -10.0   28.517  121.739    352.0    939.4    301.0    295.6      0.0    881.6     88.8     16.0    173.3
     1     1    26     9     4    12     0     0   -11.0   27.876  121.457     13.8   1005.6    300.5    300.9      0.0    887.3     78.1      0.0    257.7
     2     1    26     9     4    12     0     0   -11.0   28.738  121.134    595.8    911.9    301.5    293.7      0.0     80.5     92.6    288.4    223.7
     3     1    26     9     4    12     0     0   -11.0   24.941  121.134    115.4    932.3    301.9    295.8      1.8     46.4     92.3    573.2     33.2
     4     1    26     9     4    12     0     0   -11.0   24.966  120.994      9.6    993.0    299.8    299.2      2.0     64.0     87.3    118.2     37.1
     5     1    26     9     4    12     0     0   -11.0   28.218  121.080    105.6    989.7    300.3    299.4      0.0    574.6     77.0     51.3    255.6
     6     1    26     9     4    12     0     0   -11.0   24.814  120.834     87.9    894.5    303.8    294.0      4.5     44.8     93.7    980.1     28.9
     7     1    26     9     4    12     0     0   -11.0   28.826  121.498    618.0    921.9    301.4    294.5      0.0    297.4     90.2    166.8    238.1
     8     1    26     9     4    12     0     0   -11.0   28.465  121.281    579.1    918.9    301.8    294.6      0.0    117.5     88.1    237.7    239.6
     9     1    26     9     4    12     0     0   -11.0   27.144  121.855      1.2   1004.1    300.9    301.3      0.0    811.9     80.6      0.0    264.0
    10     1    26     9     4    12     0     0   -11.0   27.313  121.558    252.1   1004.1    300.9    301.3      0.0    836.0     80.2      0.0    257.7
    11     1    26     9     4    12     0     0   -11.0   28.176  121.290    380.4    986.4    300.6    299.4      0.0    501.2     76.3     56.1    255.7
    12     1    26     9     4    12     0     0   -11.0   24.892  121.101    358.6    924.4    302.3    295.5      2.4     44.8     92.4    653.0     35.2
    13     1    26     9     4    12     0     0   -11.0   24.809  120.938    311.5    960.7    300.7    297.3      1.6     47.7     90.5    363.8     42.7
    14     1    26     9     4    12     0     0   -11.0   28.152  121.109    336.0    993.9    300.2    299.7      0.0    652.5     76.1     36.1    258.4
    15     1    26     9     4    12     0     0   -11.0   24.805  120.828    328.6    892.0    303.9    293.9      4.7     44.8     93.7   1004.4     28.6
    16     1    26     9     4    12     0     0   -11.0   28.043  121.650    305.8    999.7    300.3    300.3      0.0    905.6     75.7     12.5    260.0
    17     1    26     9     4    12     0     0   -11.0   28.137  121.517    421.4    981.7    300.8    299.3      0.0    493.4     75.9     56.7    255.8
    18     1    26     9     4    12     0     0   -11.0   25.259  121.493    267.7    993.7    300.0    299.4      2.5     78.5     85.1    100.8     31.2
    19     1    26     9     4    12     0     0   -11.0   29.319  121.704    608.5    905.3    301.9    293.4      0.0    745.9     94.5    100.1    237.5
    20     1    26     9     4    12     0     0   -11.0   29.500  121.801    593.6    911.2    301.7    293.8      0.2    790.1     93.0     41.3    235.2
    21     1    26     9     4    12     0     0   -11.0   27.694  121.684    103.4    965.9    300.8    297.8      0.0    878.5     88.0      0.0    251.8
    22     1    26     9     4    12     0     0   -11.0   28.820  121.302    400.0    930.7    300.8    294.7      0.0    826.0     93.5     41.5    248.3
    23     1    26     9     4    12     0     0   -11.0   29.504  121.625    535.9    918.5    301.4    294.2      0.2    822.4     93.2     29.0    235.4
    24     1    26     9     4    12     0     0   -11.0   25.831  121.230      0.0    978.5    301.2    299.3      1.5    492.6     80.4      0.0    200.9
    25     1    26     9     4    12     0     0   -11.0   29.537  122.067    650.5    904.2    302.0    293.4      0.1    784.8     94.0     59.1    237.8
    26     1    26     9     4    12     0     0   -11.0   28.975  121.473    656.2    878.1    302.7    291.6      0.1    276.9     96.7    299.0    221.8
    27     1    26     9     4    12     0     0   -11.0   29.027  121.817    444.0    927.0    301.0    294.6      0.0    856.2     93.1     31.6    249.4
     1     1    26     9     4    11     0     1   -12.0   28.248  121.479     36.0   1001.0    300.6    300.7      0.0    855.4     76.0     17.0    338.0
     2     1    26     9     4    11     0     1   -12.0   29.068  121.177    628.6    901.7    301.6    292.8      0.1    450.3     97.2    337.9    282.0
     3     1    26     9     4    11     0     1   -12.0   24.958  121.137    143.0    932.7    301.8    295.8      0.8    116.6     93.6    541.3     46.3
     4     1    26     9     4    11     0     1   -12.0   24.960  121.004     13.3    991.3    299.7    299.0      1.3    110.6     88.6    123.6     48.6
     5     1    26     9     4    11     0     1   -12.0   28.517  121.024    245.5    964.7    301.2    298.1      0.0    570.9     80.1    132.7    315.1
     6     1    26     9     4    11     0     1   -12.0   24.829  120.844    118.1    895.0    303.7    294.0      2.6     98.5     95.1    940.8     38.1
     7     1    26     9     4    11     0     1   -12.0   29.218  121.548    696.6    907.9    301.6    293.3      0.0    604.4     94.8    217.7    296.9
     8     1    26     9     4    11     0     1   -12.0   28.752  121.276    631.6    906.7    302.0    293.7      0.0    305.3     91.8    301.0    285.6
     9     1    26     9     4    11     0     1   -12.0   27.522  121.936      1.6   1004.0    300.9    301.3      0.0    829.4     80.2      0.0    335.3
    10     1    26     9     4    11     0     1   -12.0   27.701  121.621    252.3   1004.4    300.8    301.2      0.0    852.6     79.8      0.0    324.5
    11     1    26     9     4    11     0     1   -12.0   28.459  121.237    481.7    967.7    301.4    298.5      0.0    539.3     78.0    120.8    317.1
    12     1    26     9     4    11     0     1   -12.0   24.915  121.112    386.3    928.5    301.9    295.6      0.8    114.2     94.1    581.0     46.9
    13     1    26     9     4    11     0     1   -12.0   24.803  120.932    338.6    956.1    300.9    297.0      0.8    114.5     91.7    375.1     56.7
    14     1    26     9     4    11     0     1   -12.0   28.464  121.064    456.7    971.9    300.9    298.5      0.0    636.2     79.5     99.1    320.7
    15     1    26     9     4    11     0     1   -12.0   24.820  120.839    358.5    892.3    303.9    293.9      2.7     96.9     95.1    968.0     37.7
    16     1    26     9     4    11     0     1   -12.0   28.427  121.652    366.1    990.8    300.6    299.9      0.0    734.1     75.4     27.6    335.1
    17     1    26     9     4    11     0     1   -12.0   28.429  121.465    506.1    966.0    301.6    298.6      0.0    523.1     77.1    113.9    318.3
    18     1    26     9     4    11     0     1   -12.0   25.263  121.516    269.5    992.0    299.9    299.2      1.7    118.0     86.9    107.0     37.2
    19     1    26     9     4    11     0     1   -12.0   29.771  121.945    571.6    914.8    301.8    294.2      0.1    853.2     91.3     21.6    305.2
    20     1    26     9     4    11     0     1   -12.0   29.920  122.105    537.5    920.2    301.6    294.5      0.2    871.7     91.2      0.0    290.2
    21     1    26     9     4    11     0     1   -12.0   28.239  121.738    151.1    961.5    300.9    297.5      0.0    934.0     87.2      0.0    334.4
    22     1    26     9     4    11     0     1   -12.0   29.289  121.424    537.6    912.1    301.7    293.9      0.0    795.4     92.4    100.4    309.6
    23     1    26     9     4    11     0     1   -12.0   29.933  121.938    469.7    927.4    301.2    294.8      0.2    862.6     91.3      0.0    288.4
    24     1    26     9     4    11     0     1   -12.0   26.165  121.355      0.0    977.4    300.9    298.9      0.3    657.5     85.5      0.0    336.4
    25     1    26     9     4    11     0     1   -12.0   29.978  122.349    606.4    910.9    302.0    294.0      0.2    882.1     92.6     17.0    297.3
    26     1    26     9     4    11     0     1   -12.0   29.387  121.632    494.8    917.3    301.2    293.8      0.2    579.3     93.2     90.1    307.4
    27     1    26     9     4    11     0     1   -12.0   29.508  121.954    561.4    911.5    301.8    293.9      0.0    816.7     91.9     80.7    312.7
