    10     1
    GFSQ    26     8    27     0     0
    GFSQ    26     8    28     0     0
    GFSQ    26     8    29     0     0
    GFSQ    26     8    30     0     0
    GFSQ    26     8    31     0     0
    GFSQ    26     9     1     0     0
    GFSQ    26     9     2     0     0
    GFSQ    26     9     3     0     0
    GFSQ    26     9     4     0     0
    GFSQ    26     9     5     0     0
    27 BACKWARD OMEGA   
    26     9     4    16   24.707  120.907   10.0
    26     9     4    16   24.707  120.907   10.0
    26     9     4    16   24.707  120.907   10.0
    26     9     4    16   24.707  120.907   10.0
    26     9     4    16   24.707  120.907   10.0
    26     9     4    16   24.707  120.907   10.0
    26     9     4    16   24.707  120.907   10.0
    26     9     4    16   24.707  120.907   10.0
    26     9     4    16   24.707  120.907   10.0
    26     9     4    16   24.707  120.907   10.0
    26     9     4    16   24.707  120.907   10.0
    26     9     4    16   24.707  120.907   10.0
    26     9     4    16   24.707  120.907   10.0
    26     9     4    16   24.707  120.907   10.0
    26     9     4    16   24.707  120.907   10.0
    26     9     4    16   24.707  120.907   10.0
    26     9     4    16   24.707  120.907   10.0
    26     9     4    16   24.707  120.907   10.0
    26     9     4    16   24.707  120.907   10.0
    26     9     4    16   24.707  120.907   10.0
    26     9     4    16   24.707  120.907   10.0
    26     9     4    16   24.707  120.907   10.0
    26     9     4    16   24.707  120.907   10.0
    26     9     4    16   24.707  120.907   10.0
    26     9     4    16   24.707  120.907   10.0
    26     9     4    16   24.707  120.907   10.0
    26     9     4    16   24.707  120.907   10.0
     8 PRESSURE THETA    AIR_TEMP RAINFALL MIXDEPTH RELHUMID TERR_MSL SUN_FLUX
     1     1    26     9     4    16     0     2     0.0   24.707  120.907    10.0    973.7    301.1    298.8      0.3    126.7     81.7    198.8      0.0
     2     1    26     9     4    16     0     2     0.0   24.707  120.907    10.0    991.6    300.8    300.0      0.0    293.5     77.7     28.6      0.0
     3     1    26     9     4    16     0     2     0.0   24.707  120.907    10.0    914.2    303.0    295.2      1.0     34.2     88.3    750.4      0.0
     4     1    26     9     4    16     0     2     0.0   24.707  120.907    10.0    922.5    302.9    295.8      0.3     41.2     87.8    691.6      0.0
     5     1    26     9     4    16     0     2     0.0   24.707  120.907    10.0    978.9    300.9    299.0      0.0    120.2     81.8    154.6      0.0
     6     1    26     9     4    16     0     2     0.0   24.707  120.907    10.0    820.2    307.5    290.4      2.3     59.4     96.0   1700.9      0.0
     7     1    26     9     4    16     0     2     0.0   24.707  120.907    10.0    992.8    300.6    299.9      0.7    279.4     79.5     16.5      0.0
     8     1    26     9     4    16     0     2     0.0   24.707  120.907    10.0    995.3    300.8    300.4      0.2    380.3     76.2      0.0      0.0
     9     1    26     9     4    16     0     2     0.0   24.707  120.907    10.0    982.1    300.4    298.8      0.2     94.2     82.5    114.1      0.0
    10     1    26     9     4    16     0     2     0.0   24.707  120.907    10.0    983.7    300.5    299.1      0.3    126.7     84.1    198.8      0.0
    11     1    26     9     4    16     0     2     0.0   24.707  120.907    10.0   1001.7    300.2    300.3      0.0    293.5     81.3     28.6      0.0
    12     1    26     9     4    16     0     2     0.0   24.707  120.907    10.0    923.7    302.3    295.4      1.0     34.2     90.2    750.4      0.0
    13     1    26     9     4    16     0     2     0.0   24.707  120.907    10.0    932.1    302.2    296.0      0.3     41.2     90.1    691.6      0.0
    14     1    26     9     4    16     0     2     0.0   24.707  120.907    10.0    988.9    300.2    299.2      0.0    120.2     84.4    154.6      0.0
    15     1    26     9     4    16     0     2     0.0   24.707  120.907    10.0    828.9    306.8    290.6      2.3     59.4     96.8   1700.9      0.0
    16     1    26     9     4    16     0     2     0.0   24.707  120.907    10.0   1002.9    300.2    300.5      0.7    279.4     80.9     16.5      0.0
    17     1    26     9     4    16     0     2     0.0   24.707  120.907    10.0   1005.5    300.4    300.9      0.2    380.3     79.5      0.0      0.0
    18     1    26     9     4    16     0     2     0.0   24.707  120.907    10.0    992.1    299.9    299.2      0.2     94.2     84.0    114.1      0.0
    19     1    26     9     4    16     0     2     0.0   24.707  120.907    10.0    946.7    302.2    297.5      0.3    126.7     80.6    198.8      0.0
    20     1    26     9     4    16     0     2     0.0   24.707  120.907    10.0    964.0    301.8    298.6      0.0    293.5     75.9     28.6      0.0
    21     1    26     9     4    16     0     2     0.0   24.707  120.907    10.0    889.1    304.1    293.9      1.0     34.2     89.6    750.4      0.0
    22     1    26     9     4    16     0     2     0.0   24.707  120.907    10.0    897.1    304.0    294.6      0.3     41.2     88.1    691.6      0.0
    23     1    26     9     4    16     0     2     0.0   24.707  120.907    10.0    951.8    301.9    297.6      0.0    120.2     80.7    154.6      0.0
    24     1    26     9     4    16     0     2     0.0   24.707  120.907    10.0    798.1    308.8    289.3      2.3     59.4     95.6   1700.9      0.0
    25     1    26     9     4    16     0     2     0.0   24.707  120.907    10.0    965.2    301.7    298.6      0.7    279.4     77.5     16.5      0.0
    26     1    26     9     4    16     0     2     0.0   24.707  120.907    10.0    967.7    301.8    299.0      0.2    380.3     73.1      0.0      0.0
    27     1    26     9     4    16     0     2     0.0   24.707  120.907    10.0    954.8    301.6    297.6      0.2     94.2     83.3    114.1      0.0
     1     1    26     9     4    15     0     3    -1.0   24.711  120.980    107.9    980.4    300.8    299.1      0.1     71.9     81.6    138.7      0.0
     2     1    26     9     4    15     0     3    -1.0   24.740  121.035    141.8    986.9    301.0    299.9      0.0    243.5     77.4     32.5      0.0
     3     1    26     9     4    15     0     3    -1.0   24.688  120.920     58.2    916.5    302.9    295.3      1.0     24.6     88.3    766.8      0.0
     4     1    26     9     4    15     0     3    -1.0   24.695  120.919     60.9    937.2    302.2    296.6      0.1     27.3     87.8    587.1      0.0
     5     1    26     9     4    15     0     3    -1.0   24.716  120.960    109.7    984.5    300.7    299.3      0.0     56.3     81.6    101.3      0.0
     6     1    26     9     4    15     0     3    -1.0   24.691  120.882     24.8    840.5    306.3    291.3      2.0     36.5     95.3   1566.5      0.0
     7     1    26     9     4    15     0     3    -1.0   24.735  121.021    103.3    992.8    300.5    299.9      0.6    191.6     80.4     11.5      0.0
     8     1    26     9     4    15     0     3    -1.0   24.734  121.070    113.8    993.4    300.9    300.3      0.0    308.3     76.0      5.9      0.0
     9     1    26     9     4    15     0     3    -1.0   24.700  120.947    105.6    980.3    300.4    298.7      0.1     85.2     82.6    124.5      0.0
    10     1    26     9     4    15     0     3    -1.0   24.691  120.964    289.8    982.3    300.6    299.0      0.2     74.5     83.8    186.3      0.0
    11     1    26     9     4    15     0     3    -1.0   24.707  121.000    271.4   1000.7    300.2    300.2      0.0    250.0     81.6     25.2      0.0
    12     1    26     9     4    15     0     3    -1.0   24.676  120.922    264.3    917.9    302.7    295.3      1.1     23.5     89.4    789.8      0.0
    13     1    26     9     4    15     0     3    -1.0   24.678  120.918    250.4    934.6    302.2    296.3      0.3     28.8     90.1    667.0      0.0
    14     1    26     9     4    15     0     3    -1.0   24.689  120.941    255.8    991.6    300.1    299.4      0.0     63.8     84.2    136.8      0.0
    15     1    26     9     4    15     0     3    -1.0   24.679  120.888    233.9    838.0    306.4    291.1      2.2     37.8     95.9   1608.8      0.0
    16     1    26     9     4    15     0     3    -1.0   24.721  121.000    257.9   1004.2    300.3    300.7      0.6    194.3     80.4      0.0      0.0
    17     1    26     9     4    15     0     3    -1.0   24.706  121.031    259.9   1005.6    300.4    300.8      0.0    306.5     79.4      3.2      0.0
    18     1    26     9     4    15     0     3    -1.0   24.684  120.945    274.6    988.4    300.0    299.0      0.1     81.9     84.2    131.5      0.0
    19     1    26     9     4    15     0     3    -1.0   24.768  121.015     95.8    953.2    302.1    298.0      0.0     99.6     79.0    148.7      0.0
    20     1    26     9     4    15     0     3    -1.0   24.864  121.099    145.9    960.6    301.7    298.3      0.0    303.5     77.8     23.4      0.0
    21     1    26     9     4    15     0     3    -1.0   24.715  120.918      0.0    903.1    303.7    294.9      0.9     27.8     88.0    721.3      0.0
    22     1    26     9     4    15     0     3    -1.0   24.731  120.927     43.8    922.1    303.1    296.1      0.0     29.4     86.1    498.7      0.0
    23     1    26     9     4    15     0     3    -1.0   24.815  121.008     93.7    961.9    301.5    298.2      0.0    136.9     79.9     72.0      0.0
    24     1    26     9     4    15     0     3    -1.0   24.701  120.875      0.0    825.8    307.4    290.9      1.9     35.2     94.4   1526.0      0.0
    25     1    26     9     4    15     0     3    -1.0   24.785  121.068    109.9    962.9    302.0    298.7      0.3    197.2     75.8     30.9      0.0
    26     1    26     9     4    15     0     3    -1.0   24.852  121.143    140.2    963.0    301.9    298.6      0.0    357.8     75.4      5.8      0.0
    27     1    26     9     4    15     0     3    -1.0   24.730  120.954     76.9    957.3    301.6    297.9      0.2     93.4     82.5    113.9      0.0
     1     1    26     9     4    14     0     2    -2.0   24.748  121.044    126.2    969.9    301.1    298.4      1.4     70.7     83.5    216.1     21.9
     2     1    26     9     4    14     0     2    -2.0   24.817  121.140    173.4    983.0    300.9    299.4      4.0    207.4     79.5     44.0     10.5
     3     1    26     9     4    14     0     2    -2.0   24.703  120.937     58.0    912.0    303.0    295.0      4.1     29.9     89.6    806.7     10.7
     4     1    26     9     4    14     0     2    -2.0   24.714  120.933     57.2    942.0    301.8    296.6      1.8     31.3     89.3    542.1     13.1
     5     1    26     9     4    14     0     2    -2.0   24.754  120.997    123.5    983.6    300.6    299.2      2.0     67.7     82.3     97.3     16.9
     6     1    26     9     4    14     0     2    -2.0   24.702  120.871     11.0    847.6    305.9    291.7      7.8     38.1     95.8   1506.1      3.4
     7     1    26     9     4    14     0     2    -2.0   24.792  121.124    117.7    987.4    300.5    299.4      1.1    175.8     81.6     54.5     27.3
     8     1    26     9     4    14     0     2    -2.0   24.800  121.217    153.9    987.7    300.9    299.8      4.9    302.1     78.4     13.1      8.4
     9     1    26     9     4    14     0     2    -2.0   24.729  120.985    116.1    978.4    300.5    298.6      1.5     73.8     82.8    131.7     34.3
    10     1    26     9     4    14     0     2    -2.0   24.718  121.023    331.5    977.1    300.7    298.7      1.4     57.1     84.2    195.4     24.6
    11     1    26     9     4    14     0     2    -2.0   24.741  121.082    294.0    996.4    300.1    299.8      2.1    185.1     82.6     48.1     13.1
    12     1    26     9     4    14     0     2    -2.0   24.686  120.938    287.3    910.3    303.1    294.9      4.3     29.4     90.0    836.4     10.4
    13     1    26     9     4    14     0     2    -2.0   24.688  120.929    268.5    935.0    302.0    296.2      2.4     32.3     90.8    645.5     12.4
    14     1    26     9     4    14     0     2    -2.0   24.698  120.965    267.7    991.4    299.9    299.2      1.3     49.1     85.5    131.1     18.5
    15     1    26     9     4    14     0     2    -2.0   24.688  120.877    234.8    843.6    306.1    291.5      8.2     39.5     96.0   1549.4      3.3
    16     1    26     9     4    14     0     2    -2.0   24.771  121.085    272.4    999.2    300.1    300.0      1.1    185.1     83.0     41.1     31.3
    17     1    26     9     4    14     0     2    -2.0   24.738  121.145    277.1   1002.1    300.1    300.3      2.3    279.2     81.6     12.1     10.0
    18     1    26     9     4    14     0     2    -2.0   24.698  120.982    308.9    982.8    300.1    298.7      1.6     63.6     84.2    147.8     33.8
    19     1    26     9     4    14     0     2    -2.0   24.869  121.110    119.1    946.7    302.0    297.3      1.3    100.9     82.5    185.0     16.6
    20     1    26     9     4    14     0     2    -2.0   25.092  121.267    104.6    967.2    301.5    298.7      4.1    386.4     77.4      3.8      7.0
    21     1    26     9     4    14     0     2    -2.0   24.756  120.935      0.0    911.6    303.3    295.3      3.5     42.0     87.1    665.4     14.7
    22     1    26     9     4    14     0     2    -2.0   24.787  120.947     10.9    932.7    302.5    296.5      1.7     39.9     86.8    431.4     13.9
    23     1    26     9     4    14     0     2    -2.0   24.979  121.103     30.6    969.9    301.4    298.7      4.0    220.3     79.7     45.6      4.4
    24     1    26     9     4    14     0     2    -2.0   24.731  120.857      0.0    845.7    306.4    291.9      6.9     36.3     93.4   1350.3      4.7
    25     1    26     9     4    14     0     2    -2.0   24.911  121.230    171.0    954.9    301.8    297.9      1.1    200.3     79.6     44.7     15.0
    26     1    26     9     4    14     0     2    -2.0   25.075  121.359    126.1    965.4    301.7    298.7      7.5    405.6     76.2      0.0      4.7
    27     1    26     9     4    14     0     2    -2.0   24.786  121.003     57.9    959.4    301.6    298.1      1.5    100.0     81.8    113.2     34.4
     1     1    26     9     4    13     0     1    -3.0   24.782  121.100    152.2    960.0    301.2    297.7      1.5     69.3     85.9    279.7     36.1
     2     1    26     9     4    13     0     1    -3.0   24.903  121.237    163.6    986.2    300.9    299.7      4.3    186.6     78.1     26.2     13.1
     3     1    26     9     4    13     0     1    -3.0   24.714  120.957     93.7    902.8    303.4    294.6      4.3     36.6     90.0    856.5     17.8
     4     1    26     9     4    13     0     1    -3.0   24.729  120.949     80.4    938.8    301.7    296.3      1.8     38.9     90.6    547.7     24.6
     5     1    26     9     4    13     0     1    -3.0   24.786  121.030    129.0    983.1    300.6    299.1      2.3     86.3     82.6     92.6     27.1
     6     1    26     9     4    13     0     1    -3.0   24.709  120.870     32.0    846.9    306.0    291.7      7.7     41.3     95.8   1491.8      6.7
     7     1    26     9     4    13     0     1    -3.0   24.840  121.226    158.5    980.6    300.6    298.9      1.1    141.2     82.8     76.5     39.4
     8     1    26     9     4    13     0     1    -3.0   24.881  121.352    178.7    984.9    300.9    299.6      6.3    261.8     78.7     19.8     13.3
     9     1    26     9     4    13     0     1    -3.0   24.748  121.028    140.2    966.9    301.0    298.1      1.9     71.5     83.3    214.3     59.6
    10     1    26     9     4    13     0     1    -3.0   24.748  121.079    365.2    963.7    301.1    297.8      1.5     60.5     86.3    281.6     39.6
    11     1    26     9     4    13     0     1    -3.0   24.767  121.150    313.5    993.2    300.1    299.5      2.6    142.6     83.3     62.7     27.2
    12     1    26     9     4    13     0     1    -3.0   24.695  120.959    332.5    898.9    303.6    294.4      4.5     36.1     90.2    896.8     16.6
    13     1    26     9     4    13     0     1    -3.0   24.699  120.945    298.0    933.4    302.0    296.0      2.2     37.3     91.7    627.8     23.5
    14     1    26     9     4    13     0     1    -3.0   24.694  120.985    284.4    987.8    299.9    298.8      1.3     42.8     86.7    148.2     37.7
    15     1    26     9     4    13     0     1    -3.0   24.694  120.875    258.3    843.6    306.2    291.5      8.1     43.0     96.0   1534.8      6.7
    16     1    26     9     4    13     0     1    -3.0   24.812  121.175    303.1    993.0    300.0    299.4      1.1    154.4     84.7     69.4     46.8
    17     1    26     9     4    13     0     1    -3.0   24.773  121.252    300.4    998.5    300.0    299.9      3.6    246.7     82.8     18.1     19.4
    18     1    26     9     4    13     0     1    -3.0   24.706  121.018    357.1    970.1    300.8    298.1      1.9     49.3     83.7    215.8     57.3
    19     1    26     9     4    13     0     1    -3.0   24.961  121.192    170.2    950.9    301.5    297.2      1.3     72.5     85.0     96.8     36.2
    20     1    26     9     4    13     0     1    -3.0   25.381  121.417     71.0    969.9    301.5    298.9      1.8    547.6     79.1      0.0    108.1
    21     1    26     9     4    13     0     1    -3.0   24.787  120.960      0.0    910.6    303.4    295.2      3.4     48.5     87.8    647.5     29.5
    22     1    26     9     4    13     0     1    -3.0   24.834  120.969     11.0    939.4    302.0    296.6      1.6     44.6     87.9    368.6     29.3
    23     1    26     9     4    13     0     1    -3.0   25.169  121.194      0.0    979.1    301.3    299.5      2.9    405.7     77.9     15.3     46.2
    24     1    26     9     4    13     0     1    -3.0   24.753  120.853      0.0    853.5    306.0    292.2      6.3     40.6     93.0   1241.1     12.3
    25     1    26     9     4    13     0     1    -3.0   25.048  121.382    251.1    946.7    301.9    297.2      3.6    178.4     82.0     48.0     22.9
    26     1    26     9     4    13     0     1    -3.0   25.347  121.544    102.3    967.1    301.7    298.8      2.3    541.5     76.6      0.0     74.5
    27     1    26     9     4    13     0     1    -3.0   24.826  121.057     49.4    950.9    301.9    297.5      1.8    108.9     83.6    203.8     63.4
     1     1    26     9     4    12     0     0    -4.0   24.811  121.143    197.9    952.2    301.3    297.1      1.5     67.0     88.6    306.6     48.7
     2     1    26     9     4    12     0     0    -4.0   24.986  121.339    125.4    988.0    301.2    300.1      4.1    162.7     76.4     38.0     13.8
     3     1    26     9     4    12     0     0    -4.0   24.719  120.973    160.9    891.9    303.9    294.1      4.4     45.6     90.4    892.8     23.1
     4     1    26     9     4    12     0     0    -4.0   24.741  120.962    133.9    932.8    301.9    295.9      1.8     47.2     91.9    550.6     35.4
     5     1    26     9     4    12     0     0    -4.0   24.809  121.063    132.3    982.0    300.6    299.0      2.5     82.6     82.7     94.0     33.1
     6     1    26     9     4    12     0     0    -4.0   24.713  120.876     90.7    840.1    306.4    291.4      7.8     44.8     95.5   1504.1     10.5
     7     1    26     9     4    12     0     0    -4.0   24.883  121.310    234.1    967.8    300.8    298.0      1.2    112.2     86.3    118.7     49.4
     8     1    26     9     4    12     0     0    -4.0   24.966  121.484    155.7    989.7    301.1    300.2      5.3    192.3     75.2      0.0      8.5
     9     1    26     9     4    12     0     0    -4.0   24.757  121.073    177.6    949.6    301.8    297.2      2.3     70.0     84.3    337.9     77.5
    10     1    26     9     4    12     0     0    -4.0   24.775  121.126    410.2    953.0    301.3    297.1      1.5     61.3     88.6    333.3     50.8
    11     1    26     9     4    12     0     0    -4.0   24.778  121.204    331.0    990.3    300.1    299.3      2.6    106.0     84.1     74.3     42.7
    12     1    26     9     4    12     0     0    -4.0   24.698  120.973    406.5    886.3    304.2    293.8      4.7     45.1     90.5    941.9     20.5
    13     1    26     9     4    12     0     0    -4.0   24.709  120.959    357.2    928.5    302.0    295.6      1.9     44.8     92.7    609.9     33.0
    14     1    26     9     4    12     0     0    -4.0   24.676  120.998    313.2    979.4    300.1    298.3      1.4     45.5     88.1    195.9     55.1
    15     1    26     9     4    12     0     0    -4.0   24.696  120.882    318.9    835.4    306.7    291.1      8.2     46.7     95.7   1559.0      9.9
    16     1    26     9     4    12     0     0    -4.0   24.845  121.262    351.6    984.7    300.1    298.8      1.2    110.8     86.1     96.5     55.6
    17     1    26     9     4    12     0     0    -4.0   24.800  121.345    324.1    994.3    300.1    299.6      3.9    184.4     83.3     38.4     31.8
    18     1    26     9     4    12     0     0    -4.0   24.702  121.053    409.1    950.9    301.7    297.3      2.4     46.3     83.3    340.6     74.6
    19     1    26     9     4    12     0     0    -4.0   25.045  121.268    195.4    949.4    301.6    297.1      2.5     85.0     84.3     85.0     40.3
    20     1    26     9     4    12     0     0    -4.0   25.740  121.578     84.6    968.0    301.2    298.5      0.6    669.7     83.6      0.0    255.3
    21     1    26     9     4    12     0     0    -4.0   24.808  120.988     28.7    906.9    303.4    295.0      3.4     48.4     89.1    650.4     41.8
    22     1    26     9     4    12     0     0    -4.0   24.869  120.987     34.1    942.6    301.7    296.6      1.5     49.1     89.4    316.0     47.1
    23     1    26     9     4    12     0     0    -4.0   25.445  121.307      0.0    978.5    301.1    299.2      1.2    533.5     81.4      0.0    223.4
    24     1    26     9     4    12     0     0    -4.0   24.767  120.858     10.7    855.2    305.9    292.3      6.1     44.8     93.4   1199.6     20.8
    25     1    26     9     4    12     0     0    -4.0   25.187  121.527    212.8    953.2    301.9    297.8      4.4    148.1     76.9     23.7     12.8
    26     1    26     9     4    12     0     0    -4.0   25.690  121.732    115.0    964.7    301.4    298.3      0.7    670.2     82.3      0.0    247.2
    27     1    26     9     4    12     0     0    -4.0   24.852  121.111     59.4    943.2    302.0    296.9      2.0    105.3     86.1    269.8     86.2
     1     1    26     9     4    11     0     1    -5.0   24.842  121.169    235.8    949.2    301.2    296.7      0.8    128.8     91.1    291.9     63.3
     2     1    26     9     4    11     0     1    -5.0   25.082  121.425     95.2    989.9    300.8    299.9      2.6    279.1     80.5     42.9     52.2
     3     1    26     9     4    11     0     1    -5.0   24.729  120.980    154.7    893.5    303.9    294.2      2.7     85.5     93.0    884.0     31.1
     4     1    26     9     4    11     0     1    -5.0   24.762  120.968    158.6    933.5    301.8    295.8      0.8    117.1     93.4    518.2     48.7
     5     1    26     9     4    11     0     1    -5.0   24.833  121.096    129.4    981.1    300.4    298.8      1.9    125.4     85.1     95.6     34.9
     6     1    26     9     4    11     0     1    -5.0   24.720  120.878    105.8    840.8    306.5    291.5      5.0     74.5     96.5   1479.8     14.2
     7     1    26     9     4    11     0     1    -5.0   24.923  121.363    307.6    959.7    300.8    297.3      0.6    155.0     89.2    115.0     64.0
     8     1    26     9     4    11     0     1    -5.0   25.061  121.600    121.2    989.0    300.8    299.8      3.0    280.5     80.2     28.5     34.0
     9     1    26     9     4    11     0     1    -5.0   24.762  121.106    187.4    939.1    302.1    296.6      1.8     97.6     87.9    423.0     90.4
    10     1    26     9     4    11     0     1    -5.0   24.804  121.156    447.2    948.3    301.2    296.7      0.8    125.5     91.4    336.6     63.1
    11     1    26     9     4    11     0     1    -5.0   24.785  121.242    340.1    988.1    300.0    299.0      1.7    145.0     86.1     81.5     58.5
    12     1    26     9     4    11     0     1    -5.0   24.705  120.978    401.9    886.1    304.2    293.8      2.8     83.1     93.2    946.1     25.3
    13     1    26     9     4    11     0     1    -5.0   24.731  120.966    385.4    928.9    301.9    295.6      0.8    115.5     94.1    577.8     45.1
    14     1    26     9     4    11     0     1    -5.0   24.663  120.999    336.0    972.9    300.3    297.9      0.8    116.0     89.7    226.8     71.0
    15     1    26     9     4    11     0     1    -5.0   24.701  120.884    339.0    832.8    306.9    291.1      5.4     73.6     96.8   1561.6     11.8
    16     1    26     9     4    11     0     1    -5.0   24.875  121.327    400.6    973.7    300.3    298.0      0.6    152.3     88.6    143.4     66.7
    17     1    26     9     4    11     0     1    -5.0   24.825  121.420    337.2    991.5    300.0    299.3      3.0    193.3     85.2     48.0     42.7
    18     1    26     9     4    11     0     1    -5.0   24.695  121.076    426.7    939.1    302.2    296.7      1.8     80.5     86.6    428.1     87.4
    19     1    26     9     4    11     0     1    -5.0   25.132  121.343    157.5    952.8    301.4    297.2      2.4    137.1     85.2     75.0     26.1
    20     1    26     9     4    11     0     1    -5.0   26.164  121.738    128.8    962.6    301.1    297.8      0.0    742.9     85.7      0.0    341.4
    21     1    26     9     4    11     0     1    -5.0   24.832  121.011     26.4    909.5    303.1    294.9      2.0     94.0     92.2    629.6     58.3
    22     1    26     9     4    11     0     1    -5.0   24.899  120.992     56.4    946.4    301.3    296.6      0.8    117.9     90.9    253.3     68.1
    23     1    26     9     4    11     0     1    -5.0   25.790  121.441      1.7    977.1    300.9    298.9      0.2    678.4     85.3      0.0    337.6
    24     1    26     9     4    11     0     1    -5.0   24.784  120.863      0.0    861.3    305.5    292.5      3.7     84.8     95.0   1149.8     30.2
    25     1    26     9     4    11     0     1    -5.0   25.341  121.665    111.1    961.3    301.7    298.3      2.6    295.3     78.9     37.6     53.2
    26     1    26     9     4    11     0     1    -5.0   26.108  121.911    161.3    959.3    301.3    297.7      0.0    734.7     84.9      0.0    341.5
    27     1    26     9     4    11     0     1    -5.0   24.875  121.154     59.8    940.5    301.8    296.5      1.4    126.2     89.6    295.0    106.1
     1     1    26     9     4    10     0     2    -6.0   24.877  121.178    242.4    953.6    300.8    296.7      0.7    193.2     92.7    239.1     81.3
     2     1    26     9     4    10     0     2    -6.0   25.254  121.516     76.1    996.6    300.7    300.4      2.1    465.5     81.5      0.0    195.6
     3     1    26     9     4    10     0     2    -6.0   24.758  120.987     21.2    915.0    302.8    295.2      2.5    130.7     96.0    813.1     47.7
     4     1    26     9     4    10     0     2    -6.0   24.791  120.964    129.5    943.5    301.2    296.2      0.8    186.9     94.3    451.5     66.6
     5     1    26     9     4    10     0     2    -6.0   24.873  121.131    110.8    982.4    300.1    298.6      2.1    155.4     87.7     94.3     30.6
     6     1    26     9     4    10     0     2    -6.0   24.741  120.882     19.1    857.0    305.8    292.4      4.7    109.9     97.8   1403.1     22.3
     7     1    26     9     4    10     0     2    -6.0   24.963  121.373    363.3    957.7    300.6    296.9      0.7    209.8     91.0     69.6     78.8
     8     1    26     9     4    10     0     2    -6.0   25.216  121.703     96.5    994.4    300.7    300.3      2.5    457.8     81.0      0.0    128.5
     9     1    26     9     4    10     0     2    -6.0   24.783  121.130    118.8    943.7    301.8    296.7      1.8    134.2     91.1    447.1    108.2
    10     1    26     9     4    10     0     2    -6.0   24.840  121.169    449.5    952.1    300.9    296.6      0.8    190.9     93.2    294.8     79.0
    11     1    26     9     4    10     0     2    -6.0   24.808  121.272    335.0    987.8    299.8    298.7      1.9    194.7     88.3     80.3     62.2
    12     1    26     9     4    10     0     2    -6.0   24.731  120.979    256.6    908.6    303.1    294.8      2.7    125.2     96.5    876.9     39.7
    13     1    26     9     4    10     0     2    -6.0   24.758  120.963    348.8    939.3    301.4    296.0      0.8    185.7     95.1    516.1     61.6
    14     1    26     9     4    10     0     2    -6.0   24.670  120.993    328.3    975.3    300.0    297.9      0.8    187.9     90.8    207.4     89.9
    15     1    26     9     4    10     0     2    -6.0   24.720  120.886    251.2    846.2    306.4    291.9      5.2    102.8     98.3   1511.4     16.2
    16     1    26     9     4    10     0     2    -6.0   24.909  121.362    430.2    971.0    300.1    297.6      0.6    203.3     91.2    133.5     80.7
    17     1    26     9     4    10     0     2    -6.0   24.862  121.484    334.8    991.7    299.7    299.0      2.8    218.8     87.5     44.6     46.4
    18     1    26     9     4    10     0     2    -6.0   24.701  121.087    361.8    942.0    302.0    296.8      1.9    112.2     89.7    461.6    102.8
    19     1    26     9     4    10     0     2    -6.0   25.231  121.428     60.2    961.9    301.0    297.6      2.6    165.3     87.6     78.1     22.5
    20     1    26     9     4    10     0     2    -6.0   26.663  121.866    178.6    957.0    301.3    297.5      0.0    809.7     85.2      0.0    418.0
    21     1    26     9     4    10     0     2    -6.0   24.869  121.034      0.0    922.2    302.4    295.3      1.8    149.8     94.8    563.4     83.3
    22     1    26     9     4    10     0     2    -6.0   24.934  120.976     71.7    953.3    300.7    296.6      0.8    190.5     92.2    165.3     91.3
    23     1    26     9     4    10     0     2    -6.0   26.197  121.573     21.4    973.6    300.9    298.6      0.0    740.2     85.8      0.0    418.3
    24     1    26     9     4    10     0     2    -6.0   24.812  120.869      0.0    874.7    304.8    293.1      3.3    132.6     96.6   1046.8     44.8
    25     1    26     9     4    10     0     2    -6.0   25.580  121.800     31.6    973.8    301.3    299.0      1.7    504.4     81.2      0.0    277.7
    26     1    26     9     4    10     0     2    -6.0   26.612  122.056    213.6    953.2    301.5    297.4      0.0    800.2     83.5      0.0    418.4
    27     1    26     9     4    10     0     2    -6.0   24.907  121.191     30.4    946.8    301.3    296.5      1.3    163.4     92.9    263.8    130.7
     1     1    26     9     4     9     0     3    -7.0   24.917  121.170    231.7    962.2    300.2    296.8      0.7    256.3     94.2    162.9    101.1
     2     1    26     9     4     9     0     3    -7.0   25.511  121.620     69.7    997.3    300.5    300.3      1.0    612.9     83.5      0.0    458.6
     3     1    26     9     4     9     0     3    -7.0   24.789  120.989      0.0    926.6    302.4    295.8      2.2    180.9     96.6    716.4     72.5
     4     1    26     9     4     9     0     3    -7.0   24.823  120.958     50.5    959.5    300.6    297.0      0.8    255.1     94.2    377.9     87.2
     5     1    26     9     4     9     0     3    -7.0   24.925  121.174     79.1    985.3    299.8    298.5      2.3    168.9     90.9     94.4     21.9
     6     1    26     9     4     9     0     3    -7.0   24.765  120.879      0.0    869.5    305.3    293.1      4.3    154.0     98.5   1287.3     34.7
     7     1    26     9     4     9     0     3    -7.0   24.999  121.351    399.4    954.7    300.5    296.5      1.6    267.0     93.2     52.5     79.7
     8     1    26     9     4     9     0     3    -7.0   25.462  121.817     85.2    995.5    300.6    300.2      1.2    587.6     83.4      0.0    443.1
     9     1    26     9     4     9     0     3    -7.0   24.817  121.153      0.0    957.5    301.3    297.5      1.7    177.0     92.9    427.7    132.1
    10     1    26     9     4     9     0     3    -7.0   24.881  121.170    426.4    961.6    300.3    296.9      0.7    254.9     94.2    224.3     98.1
    11     1    26     9     4     9     0     3    -7.0   24.848  121.307    320.2    989.0    299.5    298.6      2.2    228.7     90.8     75.0     53.4
    12     1    26     9     4     9     0     3    -7.0   24.760  120.977    242.2    919.9    302.7    295.5      2.4    171.8     97.0    776.7     64.1
    13     1    26     9     4     9     0     3    -7.0   24.788  120.959    253.9    956.4    300.8    297.0      0.8    254.4     94.9    448.7     80.8
    14     1    26     9     4     9     0     3    -7.0   24.694  120.988    299.8    983.9    299.6    298.2      0.8    258.0     90.9    150.8    113.5
    15     1    26     9     4     9     0     3    -7.0   24.743  120.882    236.1    858.6    305.9    292.6      4.7    143.6     98.9   1393.4     26.9
    16     1    26     9     4     9     0     3    -7.0   24.950  121.376    439.6    974.4    299.7    297.5      0.6    257.5     93.0     85.2     96.5
    17     1    26     9     4     9     0     3    -7.0   24.913  121.551    323.9    991.8    299.5    298.8      2.8    232.0     90.8     44.7     32.2
    18     1    26     9     4     9     0     3    -7.0   24.715  121.097    245.2    951.4    301.7    297.4      1.9    143.8     92.4    476.9    119.3
    19     1    26     9     4     9     0     3    -7.0   25.368  121.524      0.0    976.4    300.8    298.7      2.2    343.2     86.1     40.5    134.7
    20     1    26     9     4     9     0     3    -7.0   27.223  121.968    216.0    953.6    301.7    297.6      0.0    830.0     79.1      0.0    479.9
    21     1    26     9     4     9     0     3    -7.0   24.913  121.055      0.0    933.6    301.6    295.6      1.4    217.2     97.6    452.9    113.6
    22     1    26     9     4     9     0     3    -7.0   24.970  120.932     91.9    957.9    300.3    296.6      0.9    259.1     93.6     89.6    103.4
    23     1    26     9     4     9     0     3    -7.0   26.663  121.684     48.7    970.3    301.1    298.5      0.0    819.6     84.0      0.0    496.0
    24     1    26     9     4     9     0     3    -7.0   24.851  120.872      0.0    892.0    303.8    293.8      2.7    193.5     98.2    888.0     66.5
    25     1    26     9     4     9     0     3    -7.0   25.893  121.927     18.0    975.2    300.8    298.6      0.6    670.9     87.6      0.0    483.0
    26     1    26     9     4     9     0     3    -7.0   27.173  122.170    261.4    948.7    301.9    297.4      0.0    823.8     78.8      0.0    482.4
    27     1    26     9     4     9     0     3    -7.0   24.946  121.229     12.7    957.0    300.4    296.6      1.0    219.9     96.5    182.2    161.0
     1     1    26     9     4     8     0     2    -8.0   24.969  121.143    204.8    974.0    299.9    297.7      1.4    379.3     91.8     75.5    224.9
     2     1    26     9     4     8     0     2    -8.0   25.820  121.730     71.2    996.4    300.7    300.4      0.7    719.5     84.2      0.0    583.1
     3     1    26     9     4     8     0     2    -8.0   24.828  120.986      0.0    941.7    302.1    296.8      0.0    288.6     94.3    576.2    185.0
     4     1    26     9     4     8     0     2    -8.0   24.863  120.946      0.0    973.6    300.5    298.2      1.2    367.3     90.9    284.8    191.4
     5     1    26     9     4     8     0     2    -8.0   24.992  121.222     48.4    988.8    299.8    298.9      1.5    207.6     90.6     92.1     52.0
     6     1    26     9     4     8     0     2    -8.0   24.799  120.870      0.0    887.6    304.7    294.3      0.0    252.0     97.3   1109.9    122.6
     7     1    26     9     4     8     0     2    -8.0   25.039  121.324    406.5    955.6    300.5    296.6      1.2    338.3     93.6     35.5    168.3
     8     1    26     9     4     8     0     2    -8.0   25.768  121.934     84.5    995.0    300.7    300.3      0.6    714.0     84.2      0.0    579.8
     9     1    26     9     4     8     0     2    -8.0   24.854  121.162      0.0    965.0    301.2    298.1      0.2    272.8     91.3    358.1    221.4
    10     1    26     9     4     8     0     2    -8.0   24.933  121.151    382.9    976.8    300.0    298.0      1.3    379.0     90.8    123.7    223.2
    11     1    26     9     4     8     0     2    -8.0   24.903  121.350    296.9    991.7    299.5    298.8      2.0    243.7     91.1     70.1     72.1
    12     1    26     9     4     8     0     2    -8.0   24.796  120.969    243.6    934.7    302.4    296.5      0.0    276.5     94.7    639.6    186.6
    13     1    26     9     4     8     0     2    -8.0   24.827  120.946    246.5    966.2    300.8    297.8      1.1    356.9     92.2    353.7    176.0
    14     1    26     9     4     8     0     2    -8.0   24.736  120.977    261.5    993.6    299.8    299.2      1.5    386.7     87.9     99.2    212.4
    15     1    26     9     4     8     0     2    -8.0   24.776  120.872    237.9    876.8    305.3    293.8      0.0    241.0     97.8   1214.1    116.5
    16     1    26     9     4     8     0     2    -8.0   25.004  121.370    428.8    978.6    299.8    297.9      1.4    359.1     91.8     57.2    196.6
    17     1    26     9     4     8     0     2    -8.0   24.976  121.623    308.3    992.0    299.5    298.8      1.9    226.3     91.2     54.8     41.3
    18     1    26     9     4     8     0     2    -8.0   24.730  121.094    245.6    955.3    301.9    297.9      0.5    250.6     90.8    441.2    266.3
    19     1    26     9     4     8     0     2    -8.0   25.616  121.644      0.0    978.1    300.8    298.9      1.2    595.4     86.2      0.0    419.1
    20     1    26     9     4     8     0     2    -8.0   27.830  122.049    255.3    949.1    301.7    297.2      0.0    857.8     78.7      0.0    581.9
    21     1    26     9     4     8     0     2    -8.0   24.969  121.065      0.0    950.5    300.8    296.5      0.6    330.4     96.6    283.4    187.9
    22     1    26     9     4     8     0     2    -8.0   25.015  120.884     88.7    961.0    300.3    296.9      1.4    356.5     93.3     58.5    188.5
    23     1    26     9     4     8     0     2    -8.0   27.178  121.767     93.1    966.7    300.8    297.9      0.0    848.6     86.2      0.0    571.4
    24     1    26     9     4     8     0     2    -8.0   24.904  120.866      0.0    916.4    302.6    295.0      0.0    301.0     97.6    646.6    149.2
    25     1    26     9     4     8     0     2    -8.0   26.266  122.052     23.1    973.5    300.7    298.4      0.8    735.3     88.6      0.0    589.0
    26     1    26     9     4     8     0     2    -8.0   27.775  122.256    296.4    944.8    302.1    297.2      0.0    859.7     75.8      0.0    578.7
    27     1    26     9     4     8     0     2    -8.0   24.999  121.251      2.7    963.0    300.2    297.0      0.6    335.1     95.4    132.4    218.1
     1     1    26     9     4     7     0     1    -9.0   25.037  121.114    166.6    981.0    299.8    298.1      1.3    414.0     91.2     46.5    271.8
     2     1    26     9     4     7     0     1    -9.0   26.192  121.841     72.3    994.9    300.7    300.3      0.8    777.0     83.9      0.0    691.8
     3     1    26     9     4     7     0     1    -9.0   24.880  120.972      0.0    962.1    301.5    298.1      0.1    393.5     91.1    386.7    275.7
     4     1    26     9     4     7     0     1    -9.0   24.919  120.915      0.0    987.1    300.4    299.3      1.3    499.4     86.8    155.9    334.0
     5     1    26     9     4     7     0     1    -9.0   25.096  121.274     29.8    995.8    300.0    299.7      1.4    386.7     88.1     50.2    134.1
     6     1    26     9     4     7     0     1    -9.0   24.843  120.852      0.0    912.8    303.8    295.7      0.0    361.6     95.4    863.2    212.4
     7     1    26     9     4     7     0     1    -9.0   25.090  121.306    394.4    958.4    300.4    296.7      1.0    338.6     94.1     21.6    207.4
     8     1    26     9     4     7     0     1    -9.0   26.136  122.052     85.2    993.6    300.7    300.1      0.8    770.7     84.3      0.0    688.1
     9     1    26     9     4     7     0     1    -9.0   24.904  121.157      0.0    978.6    300.9    299.0      0.3    354.8     88.9    230.4    281.0
    10     1    26     9     4     7     0     1    -9.0   25.004  121.111    327.9    989.9    299.8    298.9      1.3    448.8     88.4     54.7    314.5
    11     1    26     9     4     7     0     1    -9.0   24.961  121.399    279.0    993.3    299.3    298.8      1.8    206.5     92.4     71.0     57.8
    12     1    26     9     4     7     0     1    -9.0   24.842  120.952    245.3    953.2    302.0    297.8      0.0    375.5     91.8    467.1    287.1
    13     1    26     9     4     7     0     1    -9.0   24.881  120.916    247.8    979.9    300.6    298.9      1.2    481.8     88.3    222.4    308.0
    14     1    26     9     4     7     0     1    -9.0   24.791  120.967    249.3    996.5    299.8    299.5      1.6    445.7     87.6     71.9    255.5
    15     1    26     9     4     7     0     1    -9.0   24.819  120.853    240.3    901.9    304.3    295.2      0.0    349.9     96.0    967.8    209.1
    16     1    26     9     4     7     0     1    -9.0   25.070  121.366    402.4    983.5    299.6    298.2      1.3    378.9     91.8     38.1    229.0
    17     1    26     9     4     7     0     1    -9.0   25.071  121.695    291.8    994.2    299.9    299.4      1.5    357.5     89.1     51.8     94.0
    18     1    26     9     4     7     0     1    -9.0   24.745  121.074    246.4    964.2    301.9    298.7      0.6    348.5     88.4    356.3    411.8
    19     1    26     9     4     7     0     1    -9.0   25.954  121.772      0.0    975.8    300.7    298.6      0.9    728.0     89.9      0.0    669.2
    20     1    26     9     4     7     0     1    -9.0   28.407  122.087    340.0    940.0    301.6    296.3      0.0    832.6     82.6      0.0    686.6
    21     1    26     9     4     7     0     1    -9.0   25.046  121.041      0.0    962.5    300.5    297.2      0.8    441.4     93.9    171.6    297.1
    22     1    26     9     4     7     0     1    -9.0   25.075  120.860     61.1    966.3    300.1    297.2      1.3    371.6     93.2     35.5    223.4
    23     1    26     9     4     7     0     1    -9.0   27.738  121.819    143.0    961.2    301.0    297.6      0.0    887.7     83.8      0.0    669.4
    24     1    26     9     4     7     0     1    -9.0   24.977  120.842      0.0    948.2    301.2    296.6      0.7    422.5     95.8    332.3    238.4
    25     1    26     9     4     7     0     1    -9.0   26.713  122.174     43.3    970.4    300.7    298.2      0.4    818.4     88.6      0.0    696.0
    26     1    26     9     4     7     0     1    -9.0   28.352  122.298    374.7    936.3    301.8    296.2      0.0    830.8     80.5      0.0    688.4
    27     1    26     9     4     7     0     1    -9.0   25.075  121.228      0.0    969.8    300.2    297.6      0.9    422.9     92.8     84.5    320.5
     1     1    26     9     4     6     0     0   -10.0   25.103  121.100    131.2    987.1    299.5    298.4      1.2    361.4     91.8     26.4    257.3
     2     1    26     9     4     6     0     0   -10.0   26.605  121.935     73.5    994.7    300.6    300.1      0.2    831.2     84.7      0.0    794.3
     3     1    26     9     4     6     0     0   -10.0   24.949  120.944      0.0    987.6    300.6    299.6      0.4    471.2     87.2    148.5    312.0
     4     1    26     9     4     6     0     0   -10.0   24.997  120.858      0.0    997.4    300.1    299.9      1.3    549.3     85.1     55.3    445.2
     5     1    26     9     4     6     0     0   -10.0   25.269  121.351     20.7   1002.4    300.4    300.6      1.2    634.4     85.3      0.0    302.8
     6     1    26     9     4     6     0     0   -10.0   24.902  120.820      0.0    946.9    302.4    297.6      0.0    489.9     92.1    533.8    300.3
     7     1    26     9     4     6     0     0   -10.0   25.134  121.290    376.4    961.4    300.2    296.9      0.8    275.1     94.6     11.7    205.4
     8     1    26     9     4     6     0     0   -10.0   26.553  122.155     86.5    993.2    300.6    300.0      0.2    831.2     84.7      0.0    795.1
     9     1    26     9     4     6     0     0   -10.0   24.970  121.135      0.0    994.5    300.3    299.9      0.4    396.1     86.2     79.1    290.1
    10     1    26     9     4     6     0     0   -10.0   25.077  121.088    280.9    997.8    299.5    299.3      1.2    398.9     88.9     30.3    305.3
    11     1    26     9     4     6     0     0   -10.0   25.037  121.453    271.0    994.6    299.6    299.2      1.5    330.9     90.8     67.1     98.4
    12     1    26     9     4     6     0     0   -10.0   24.900  120.923    247.4    975.4    301.3    299.1      0.3    447.2     88.2    258.9    339.9
    13     1    26     9     4     6     0     0   -10.0   24.957  120.858    249.3    996.0    300.4    300.0      1.4    610.9     83.8     68.4    507.4
    14     1    26     9     4     6     0     0   -10.0   24.852  120.968    249.5    999.1    299.6    299.5      1.8    430.7     88.9     46.3    245.7
    15     1    26     9     4     6     0     0   -10.0   24.875  120.822    243.6    935.4    303.0    297.1      0.0    477.0     93.0    642.8    301.8
    16     1    26     9     4     6     0     0   -10.0   25.131  121.375    374.0    988.4    299.4    298.4      1.3    327.0     92.6     22.4    205.2
    17     1    26     9     4     6     0     0   -10.0   25.226  121.781    279.4   1001.6    300.3    300.5      1.3    615.2     85.3      0.0    199.3
    18     1    26     9     4     6     0     0   -10.0   24.756  121.035    247.7    977.9    301.7    299.7      0.9    436.6     85.0    226.2    565.4
    19     1    26     9     4     6     0     0   -10.0   26.373  121.903     16.7    973.2    300.6    298.3      0.9    794.9     90.4      0.0    789.7
    20     1    26     9     4     6     0     0   -10.0   28.930  122.130    406.0    932.9    301.6    295.6      0.0    797.4     86.0      9.9    768.8
    21     1    26     9     4     6     0     0   -10.0   25.139  120.966      0.0    972.7    300.2    297.8      1.0    499.9     90.6     51.8    468.7
    22     1    26     9     4     6     0     0   -10.0   25.132  120.856     32.3    971.1    299.9    297.4      1.2    316.5     93.5     20.2    206.1
    23     1    26     9     4     6     0     0   -10.0   28.298  121.824    233.8    951.4    301.2    297.0      0.0    845.0     82.8      0.0    789.6
    24     1    26     9     4     6     0     0   -10.0   25.073  120.782      0.0    967.1    300.6    297.7      0.9    545.7     91.9    137.5    413.6
    25     1    26     9     4     6     0     0   -10.0   27.195  122.261     92.9    964.8    300.5    297.4      0.0    861.5     91.1      0.0    756.0
    26     1    26     9     4     6     0     0   -10.0   28.873  122.337    439.6    929.3    301.8    295.6      0.0    791.9     83.5      9.9    771.6
    27     1    26     9     4     6     0     0   -10.0   25.156  121.151      0.0    973.6    300.1    297.8      1.0    416.7     90.5     30.7    451.4
     1     1    26     9     4     5     0     1   -11.0   25.158  121.121    105.0    991.5    299.3    298.6      2.6    319.0     92.7     14.4    171.1
     2     1    26     9     4     5     0     1   -11.0   27.039  122.001     74.2    995.6    300.4    300.0      0.0    885.5     85.1      0.0    709.8
     3     1    26     9     4     5     0     1   -11.0   25.026  120.905      0.0    995.5    300.4    300.0      0.7    433.8     85.0     73.0    352.8
     4     1    26     9     4     5     0     1   -11.0   25.067  120.821      0.0   1000.4    299.8    299.8      2.0    440.6     87.1     29.1    351.2
     5     1    26     9     4     5     0     1   -11.0   25.517  121.460     16.0   1001.9    300.6    300.8      1.2    684.9     85.4      0.0    601.0
     6     1    26     9     4     5     0     1   -11.0   24.974  120.780      0.0    981.7    301.1    299.5      0.7    537.6     86.7    206.0    343.2
     7     1    26     9     4     5     0     1   -11.0   25.168  121.295    355.9    964.3    300.1    297.0      3.0    269.0     95.2      6.8    150.9
     8     1    26     9     4     5     0     1   -11.0   26.989  122.230     87.4    993.9    300.4    299.9      0.0    883.4     85.2      0.0    712.8
     9     1    26     9     4     5     0     1   -11.0   25.042  121.098      0.0    998.5    300.2    300.0      0.7    366.1     85.1     42.8    338.3
    10     1    26     9     4     5     0     1   -11.0   25.131  121.093    252.7   1001.6    299.4    299.5      2.5    350.0     89.7     18.7    224.3
    11     1    26     9     4     5     0     1   -11.0   25.161  121.525    266.4   1000.5    300.2    300.2      1.6    497.6     86.5     21.4    157.0
    12     1    26     9     4     5     0     1   -11.0   24.965  120.888    249.2    994.5    300.5    300.0      0.7    400.1     85.2     81.9    277.7
    13     1    26     9     4     5     0     1   -11.0   25.036  120.801    249.7   1000.2    300.0    300.0      1.8    477.9     85.9     29.9    416.2
    14     1    26     9     4     5     0     1   -11.0   24.912  121.005    249.7   1001.1    299.3    299.4      2.1    368.5     90.1     25.1    164.9
    15     1    26     9     4     5     0     1   -11.0   24.944  120.782    247.2    973.6    301.4    299.1      0.7    528.2     87.6    282.6    330.4
    16     1    26     9     4     5     0     1   -11.0   25.186  121.423    354.3    992.2    299.2    298.5      2.6    297.9     93.6      8.7    123.5
    17     1    26     9     4     5     0     1   -11.0   25.461  121.896    272.6   1001.5    300.5    300.7      1.3    682.8     85.4      0.0    513.1
    18     1    26     9     4     5     0     1   -11.0   24.766  120.995    248.9    990.3    301.3    300.4      0.7    445.9     82.4    114.8    550.1
    19     1    26     9     4     5     0     1   -11.0   26.833  122.019     41.9    971.0    300.5    298.0      0.2    853.3     91.1      0.0    767.0
    20     1    26     9     4     5     0     1   -11.0   29.409  122.221    425.6    930.7    301.5    295.4      0.1    772.8     86.9      2.8    688.4
    21     1    26     9     4     5     0     1   -11.0   25.215  120.850      3.6    975.2    300.1    298.0      0.9    404.0     89.4      9.2    515.4
    22     1    26     9     4     5     0     1   -11.0   25.180  120.896     10.5    974.7    299.7    297.5      2.6    295.5     94.0      9.6    132.8
    23     1    26     9     4     5     0     1   -11.0   28.818  121.840    315.7    942.8    301.2    296.1      0.0    812.4     86.5      6.5    742.1
    24     1    26     9     4     5     0     1   -11.0   25.165  120.680      0.0    974.8    300.3    298.1      0.9    487.2     89.1     33.6    513.1
    25     1    26     9     4     5     0     1   -11.0   27.716  122.326    145.8    960.9    300.5    297.1      0.0    900.0     89.3      0.0    708.4
    26     1    26     9     4     5     0     1   -11.0   29.352  122.422    467.3    926.2    301.7    295.1      0.2    775.4     86.7      7.3    694.7
    27     1    26     9     4     5     0     1   -11.0   25.221  121.035     22.8    973.8    300.1    297.8      0.9    332.8     89.7      3.2    477.5
     1     1    26     9     4     4     0     2   -12.0   25.219  121.213     94.9    994.0    299.2    298.7      2.5    326.1     93.1      0.0     97.7
     2     1    26     9     4     4     0     2   -12.0   27.497  122.050     77.8    996.0    300.1    299.7      0.0    907.5     85.9      0.0    666.3
     3     1    26     9     4     4     0     2   -12.0   25.093  120.851      0.0    999.9    300.3    300.3      0.7    412.0     83.6     33.6    417.5
     4     1    26     9     4     4     0     2   -12.0   25.122  120.830      0.0   1001.6    299.6    299.7      2.4    398.0     88.7     19.2    259.5
     5     1    26     9     4     4     0     2   -12.0   25.809  121.581     15.0   1002.4    300.6    300.8      0.7    740.6     84.5      0.0    705.2
     6     1    26     9     4     4     0     2   -12.0   25.044  120.732      0.0    992.9    300.9    300.3      0.8    544.7     83.0    100.7    436.9
     7     1    26     9     4     4     0     2   -12.0   25.209  121.375    326.2    968.3    299.9    297.2      2.9    286.1     95.4      0.2     85.4
     8     1    26     9     4     4     0     2   -12.0   27.452  122.285     89.8    994.7    300.1    299.6      0.0    903.5     86.2      0.0    662.7
     9     1    26     9     4     4     0     2   -12.0   25.109  121.043      0.0   1002.0    300.0    300.2      0.7    357.4     84.1     12.9    406.5
    10     1    26     9     4     4     0     2   -12.0   25.180  121.147    249.9   1002.7    299.2    299.4      2.6    336.8     90.7      9.5    144.0
    11     1    26     9     4     4     0     2   -12.0   25.356  121.635    264.4   1002.9    300.4    300.6      1.4    591.0     85.5      0.0    394.1
    12     1    26     9     4     4     0     2   -12.0   25.024  120.848    249.5    998.4    300.3    300.2      0.7    374.6     84.0     46.3    317.5
    13     1    26     9     4     4     0     2   -12.0   25.095  120.789    249.8   1001.7    299.7    299.9      2.3    420.2     87.7     17.7    320.7
    14     1    26     9     4     4     0     2   -12.0   24.977  121.087    249.6    999.1    299.4    299.3      2.1    311.1     90.7     38.8    101.2
    15     1    26     9     4     4     0     2   -12.0   25.012  120.741    248.8    990.9    301.0    300.2      0.7    548.8     83.3    120.3    405.8
    16     1    26     9     4     4     0     2   -12.0   25.262  121.543    349.1    991.7    299.6    298.8      2.1    369.6     91.7     16.3     98.1
    17     1    26     9     4     4     0     2   -12.0   25.750  122.024    270.9   1001.8    300.6    300.8      0.7    729.4     84.6      0.0    694.3
    18     1    26     9     4     4     0     2   -12.0   24.782  120.970    249.1    993.0    301.2    300.5      0.7    435.7     81.7     94.8    496.0
    19     1    26     9     4     4     0     2   -12.0   27.318  122.110     64.0    969.3    300.4    297.7      0.0    901.9     91.7      0.0    689.7
    20     1    26     9     4     4     0     2   -12.0   29.841  122.391    443.4    929.2    301.6    295.4      0.2    737.3     85.5      4.9    674.8
    21     1    26     9     4     4     0     2   -12.0   25.266  120.742     20.2    974.4    300.2    298.0      1.5    343.0     89.9      0.0    431.9
    22     1    26     9     4     4     0     2   -12.0   25.248  121.017      0.0    976.9    299.9    297.9      2.2    364.5     92.5      7.0     99.3
    23     1    26     9     4     4     0     2   -12.0   29.306  121.922    356.2    938.4    301.1    295.7      0.1    774.7     89.0      7.4    664.0
    24     1    26     9     4     4     0     2   -12.0   25.227  120.552      0.0    976.7    300.2    298.2      1.0    411.7     89.0      4.5    529.9
    25     1    26     9     4     4     0     2   -12.0   28.261  122.373    199.6    955.0    300.6    296.6      0.0    913.3     89.8      0.0    730.7
    26     1    26     9     4     4     0     2   -12.0   29.787  122.584    479.4    924.6    301.8    295.1      0.2    776.3     85.4     10.8    665.5
    27     1    26     9     4     4     0     2   -12.0   25.251  120.924     44.5    971.8    300.3    297.9      1.3    332.5     89.1      0.0    393.4
