    10     1
    GFSQ    26     8    28     0     0
    GFSQ    26     8    29     0     0
    GFSQ    26     8    30     0     0
    GFSQ    26     8    31     0     0
    GFSQ    26     9     1     0     0
    GFSQ    26     9     2     0     0
    GFSQ    26     9     3     0     0
    GFSQ    26     9     4     0     0
    GFSQ    26     9     5     0     0
    GFSQ    26     9     6     0     0
    27 BACKWARD OMEGA   
    26     9     5    16   24.707  120.907   10.0
    26     9     5    16   24.707  120.907   10.0
    26     9     5    16   24.707  120.907   10.0
    26     9     5    16   24.707  120.907   10.0
    26     9     5    16   24.707  120.907   10.0
    26     9     5    16   24.707  120.907   10.0
    26     9     5    16   24.707  120.907   10.0
    26     9     5    16   24.707  120.907   10.0
    26     9     5    16   24.707  120.907   10.0
    26     9     5    16   24.707  120.907   10.0
    26     9     5    16   24.707  120.907   10.0
    26     9     5    16   24.707  120.907   10.0
    26     9     5    16   24.707  120.907   10.0
    26     9     5    16   24.707  120.907   10.0
    26     9     5    16   24.707  120.907   10.0
    26     9     5    16   24.707  120.907   10.0
    26     9     5    16   24.707  120.907   10.0
    26     9     5    16   24.707  120.907   10.0
    26     9     5    16   24.707  120.907   10.0
    26     9     5    16   24.707  120.907   10.0
    26     9     5    16   24.707  120.907   10.0
    26     9     5    16   24.707  120.907   10.0
    26     9     5    16   24.707  120.907   10.0
    26     9     5    16   24.707  120.907   10.0
    26     9     5    16   24.707  120.907   10.0
    26     9     5    16   24.707  120.907   10.0
    26     9     5    16   24.707  120.907   10.0
     8 PRESSURE THETA    AIR_TEMP RAINFALL MIXDEPTH RELHUMID TERR_MSL SUN_FLUX
     1     1    26     9     5    16     0     2     0.0   24.707  120.907    10.0    973.9    300.9    298.6      0.0    573.8     67.8    198.8      0.0
     2     1    26     9     5    16     0     2     0.0   24.707  120.907    10.0    992.6    300.1    299.4      0.0    838.5     75.1     28.6      0.0
     3     1    26     9     5    16     0     2     0.0   24.707  120.907    10.0    913.6    304.1    296.2      0.0    256.3     60.0    750.4      0.0
     4     1    26     9     5    16     0     2     0.0   24.707  120.907    10.0    923.0    302.8    295.8      0.0    158.4     62.8    691.6      0.0
     5     1    26     9     5    16     0     2     0.0   24.707  120.907    10.0    979.5    300.2    298.5      0.0    358.9     75.7    154.6      0.0
     6     1    26     9     5    16     0     2     0.0   24.707  120.907    10.0    819.9    307.8    290.7      0.0     51.4     61.0   1700.9      0.0
     7     1    26     9     5    16     0     2     0.0   24.707  120.907    10.0    993.3    300.3    299.7      0.0    893.2     73.8     16.5      0.0
     8     1    26     9     5    16     0     2     0.0   24.707  120.907    10.0    995.4    300.4    300.0      0.0    956.4     73.9      0.0      0.0
     9     1    26     9     5    16     0     2     0.0   24.707  120.907    10.0    981.3    300.6    299.0      0.0    589.2     70.4    114.1      0.0
    10     1    26     9     5    16     0     2     0.0   24.707  120.907    10.0    983.9    299.8    298.4      0.0    573.8     73.4    198.8      0.0
    11     1    26     9     5    16     0     2     0.0   24.707  120.907    10.0   1002.7    299.7    300.0      0.0    838.5     77.0     28.6      0.0
    12     1    26     9     5    16     0     2     0.0   24.707  120.907    10.0    923.1    301.9    295.0      0.0    256.3     70.4    750.4      0.0
    13     1    26     9     5    16     0     2     0.0   24.707  120.907    10.0    932.6    300.5    294.4      0.0    158.4     74.1    691.6      0.0
    14     1    26     9     5    16     0     2     0.0   24.707  120.907    10.0    989.6    299.3    298.4      0.0    358.9     79.9    154.6      0.0
    15     1    26     9     5    16     0     2     0.0   24.707  120.907    10.0    828.6    305.2    289.2      0.0     51.4     74.1   1700.9      0.0
    16     1    26     9     5    16     0     2     0.0   24.707  120.907    10.0   1003.4    300.1    300.4      0.0    893.2     75.4     16.5      0.0
    17     1    26     9     5    16     0     2     0.0   24.707  120.907    10.0   1005.5    300.3    300.8      0.0    956.4     75.1      0.0      0.0
    18     1    26     9     5    16     0     2     0.0   24.707  120.907    10.0    991.4    300.1    299.4      0.0    589.2     73.1    114.1      0.0
    19     1    26     9     5    16     0     2     0.0   24.707  120.907    10.0    946.8    302.1    297.3      0.0    573.8     66.7    198.8      0.0
    20     1    26     9     5    16     0     2     0.0   24.707  120.907    10.0    964.9    300.5    297.4      0.0    838.5     78.8     28.6      0.0
    21     1    26     9     5    16     0     2     0.0   24.707  120.907    10.0    888.5    305.7    295.4      0.0    256.3     55.7    750.4      0.0
    22     1    26     9     5    16     0     2     0.0   24.707  120.907    10.0    897.6    304.2    294.8      0.0    158.4     60.0    691.6      0.0
    23     1    26     9     5    16     0     2     0.0   24.707  120.907    10.0    952.3    300.8    296.6      0.0    358.9     78.6    154.6      0.0
    24     1    26     9     5    16     0     2     0.0   24.707  120.907    10.0    797.8    309.6    290.1      0.0     51.4     56.8   1700.9      0.0
    25     1    26     9     5    16     0     2     0.0   24.707  120.907    10.0    965.6    300.7    297.7      0.0    893.2     74.9     16.5      0.0
    26     1    26     9     5    16     0     2     0.0   24.707  120.907    10.0    967.6    300.4    297.6      0.0    956.4     78.2      0.0      0.0
    27     1    26     9     5    16     0     2     0.0   24.707  120.907    10.0    954.0    302.0    297.9      0.0    589.2     64.6    114.1      0.0
     1     1    26     9     5    15     0     3    -1.0   24.732  121.069    269.6    946.2    302.1    297.4      0.0    274.6     65.4    294.9      0.0
     2     1    26     9     5    15     0     3    -1.0   24.756  121.045    133.0    988.7    300.3    299.3      0.0    782.3     76.0     31.5      0.0
     3     1    26     9     5    15     0     3    -1.0   24.728  121.010    366.5    871.5    306.4    294.3      0.0    188.1     53.5    921.3      0.0
     4     1    26     9     5    15     0     3    -1.0   24.650  120.948    281.3    910.2    303.9    295.8      0.0     20.9     54.5    625.9      0.0
     5     1    26     9     5    15     0     3    -1.0   24.663  120.930     96.1    985.7    300.2    298.9      0.0    282.5     77.3    100.3      0.0
     6     1    26     9     5    15     0     3    -1.0   24.649  120.889    246.1    805.3    308.6    290.0      0.0     26.1     59.7   1723.4      0.0
     7     1    26     9     5    15     0     3    -1.0   24.808  121.135    178.3    982.3    300.6    299.1      0.0    794.8     73.0     45.3      0.0
     8     1    26     9     5    15     0     3    -1.0   24.806  121.110    110.2    993.9    300.4    299.8      0.0    944.0     73.1      4.0      0.0
     9     1    26     9     5    15     0     3    -1.0   24.833  121.098    194.0    965.0    302.0    298.9      0.0    552.0     61.0    187.7      0.0
    10     1    26     9     5    15     0     3    -1.0   24.698  121.033    409.7    957.6    302.0    298.2      0.0    331.2     63.1    295.7      0.0
    11     1    26     9     5    15     0     3    -1.0   24.700  121.002    270.5   1000.7    299.9    299.9      0.0    734.7     77.5     37.6      0.0
    12     1    26     9     5    15     0     3    -1.0   24.709  120.996    556.6    872.6    306.5    294.5      0.0    188.6     53.5    956.1      0.0
    13     1    26     9     5    15     0     3    -1.0   24.625  120.934    450.9    912.8    304.1    296.2      0.0     14.3     52.0    675.5      0.0
    14     1    26     9     5    15     0     3    -1.0   24.617  120.901    275.9    992.3    299.5    298.9      0.0    145.7     80.2    112.8      0.0
    15     1    26     9     5    15     0     3    -1.0   24.632  120.885    439.2    802.0    308.6    289.7      0.0     27.2     60.8   1793.2      0.0
    16     1    26     9     5    15     0     3    -1.0   24.761  121.073    277.6    998.6    300.0    299.9      0.0    784.1     74.0     48.3      0.0
    17     1    26     9     5    15     0     3    -1.0   24.764  121.071    253.3   1005.1    300.3    300.7      0.0    920.5     75.1      5.8      0.0
    18     1    26     9     5    15     0     3    -1.0   24.771  121.014    304.9    975.8    301.2    299.0      0.0    612.3     67.3    221.5      0.0
    19     1    26     9     5    15     0     3    -1.0   24.790  121.108    394.2    912.9    302.0    294.2      0.0    212.3     75.2    234.1      0.0
    20     1    26     9     5    15     0     3    -1.0   24.816  121.067    152.8    960.4    300.4    296.9      0.0    914.4     82.0     14.8      0.0
    21     1    26     9     5    15     0     3    -1.0   24.751  121.022    331.8    857.3    306.7    293.2      0.0    190.6     52.5    858.6      0.0
    22     1    26     9     5    15     0     3    -1.0   24.708  120.978    400.3    885.0    303.8    293.3      0.0     33.4     62.8    503.8      0.0
    23     1    26     9     5    15     0     3    -1.0   24.748  120.968    110.6    958.8    300.4    296.8      0.0    558.5     82.7     75.2      0.0
    24     1    26     9     5    15     0     3    -1.0   24.675  120.887    217.8    799.1    309.2    289.8      0.0     30.3     55.9   1588.5      0.0
    25     1    26     9     5    15     0     3    -1.0   24.856  121.175    296.0    943.5    300.6    295.6      0.0    809.3     82.4     31.8      0.0
    26     1    26     9     5    15     0     3    -1.0   24.850  121.127    134.1    963.8    300.5    297.3      0.0    968.2     78.1      0.8      0.0
    27     1    26     9     5    15     0     3    -1.0   24.878  121.178    326.5    925.4    303.0    296.3      0.0    470.1     57.9    178.3      0.0
     1     1    26     9     5    14     0     2    -2.0   24.859  121.221    391.8    949.3    300.8    296.3      1.1    102.6     83.0    136.4     82.0
     2     1    26     9     5    14     0     2    -2.0   24.977  121.210    110.8    992.6    300.3    299.7      0.3    911.5     76.6     12.8     86.1
     3     1    26     9     5    14     0     2    -2.0   24.875  121.192    716.2    860.0    305.4    292.5      1.0     24.8     56.3    681.7     67.8
     4     1    26     9     5    14     0     2    -2.0   24.758  121.038    546.4    904.7    302.7    294.1      1.1     49.6     73.1    407.9     79.0
     5     1    26     9     5    14     0     2    -2.0   24.765  121.013     78.8    988.4    300.2    299.2      0.8    537.2     79.0     85.8     82.8
     6     1    26     9     5    14     0     2    -2.0   24.736  120.961    399.4    830.7    307.3    291.2      0.6     40.4     62.3   1309.9     68.7
     7     1    26     9     5    14     0     2    -2.0   24.979  121.356    233.4    975.4    300.5    298.3      0.7    616.8     79.8     51.8     87.2
     8     1    26     9     5    14     0     2    -2.0   25.077  121.326    105.8    994.7    300.4    300.0      0.1    904.1     73.6      0.0     86.8
     9     1    26     9     5    14     0     2    -2.0   25.007  121.365    446.6    926.1    302.3    295.6      0.9    198.0     72.8    306.3     77.2
    10     1    26     9     5    14     0     2    -2.0   24.804  121.191    540.6    947.3    301.5    296.8      1.1     94.0     75.8    259.5     78.9
    11     1    26     9     5    14     0     2    -2.0   24.847  121.155    273.6   1003.3    300.3    300.6      0.4    947.3     76.8      6.2     90.3
    12     1    26     9     5    14     0     2    -2.0   24.847  121.176    880.6    859.4    305.7    292.7      1.0     22.0     55.4    769.6     65.5
    13     1    26     9     5    14     0     2    -2.0   24.713  121.024    713.8    902.0    303.3    294.4      1.0     42.0     67.6    513.2     77.3
    14     1    26     9     5    14     0     2    -2.0   24.662  120.967    280.7    991.4    299.7    299.0      1.0    269.5     80.7    111.6     83.0
    15     1    26     9     5    14     0     2    -2.0   24.714  120.953    572.1    825.8    307.5    290.9      0.5     44.6     64.7   1423.6     68.1
    16     1    26     9     5    14     0     2    -2.0   24.890  121.284    333.2    991.1    300.1    299.3      0.7    555.6     78.8     62.5     86.6
    17     1    26     9     5    14     0     2    -2.0   24.962  121.274    255.0   1005.5    300.4    300.9      0.2    928.4     75.3      0.0     89.4
    18     1    26     9     5    14     0     2    -2.0   24.943  121.282    505.2    946.5    302.2    297.5      0.7    343.5     67.0    301.7     78.2
    19     1    26     9     5    14     0     2    -2.0   25.049  121.282    453.5    920.8    300.9    293.8      0.7    607.4     88.4     81.0     82.0
    20     1    26     9     5    14     0     2    -2.0   25.128  121.234     95.1    968.1    300.3    297.5      0.0    925.0     79.7      0.0     85.5
    21     1    26     9     5    14     0     2    -2.0   24.942  121.209    691.4    852.8    305.4    291.7      1.0     47.7     58.8    532.7     72.9
    22     1    26     9     5    14     0     2    -2.0   24.944  121.094    534.2    906.4    301.4    293.1      1.1    258.5     85.3    140.1     79.8
    23     1    26     9     5    14     0     2    -2.0   24.971  121.077     33.2    969.9    300.2    297.6      0.3    808.2     83.3     44.6     82.4
    24     1    26     9     5    14     0     2    -2.0   24.797  120.977    470.4    827.9    307.2    290.9      0.8     29.0     57.1   1023.1     70.0
    25     1    26     9     5    14     0     2    -2.0   25.132  121.407    343.3    941.1    300.4    295.2      0.4    985.1     87.4      0.0     90.1
    26     1    26     9     5    14     0     2    -2.0   25.192  121.348    102.9    967.2    300.5    297.6      0.0    897.5     77.4      0.0     87.0
    27     1    26     9     5    14     0     2    -2.0   25.153  121.441    610.8    902.4    301.9    293.2      1.0    258.7     77.5    107.8     83.4
     1     1    26     9     5    13     0     1    -3.0   25.000  121.316    399.9    950.1    300.6    296.2      0.9    410.6     86.3    111.6    160.8
     2     1    26     9     5    13     0     1    -3.0   25.301  121.322     92.0    996.2    300.3    300.0      0.0    875.8     74.5      0.0    177.4
     3     1    26     9     5    13     0     1    -3.0   25.135  121.330    948.2    888.0    302.9    292.7      1.2    130.5     73.4    154.9    161.3
     4     1    26     9     5    13     0     1    -3.0   24.936  121.116    650.3    919.3    301.2    294.1      1.1    214.9     86.6    149.8    158.5
     5     1    26     9     5    13     0     1    -3.0   24.902  121.092     39.0    993.7    300.1    299.6      0.5    663.0     80.5     72.2    159.1
     6     1    26     9     5    13     0     1    -3.0   24.854  121.034    732.2    846.7    305.8    291.6      0.9     22.8     61.7    796.9    150.3
     7     1    26     9     5    13     0     1    -3.0   25.184  121.509    200.5    980.2    300.4    298.7      0.4    788.3     80.0     33.3    168.7
     8     1    26     9     5    13     0     1    -3.0   25.450  121.472    101.4    995.1    300.5    300.1      0.0    861.7     72.2      0.0    179.4
     9     1    26     9     5    13     0     1    -3.0   25.177  121.521    578.5    930.2    301.0    294.9      1.0    277.1     86.5    122.4    163.8
    10     1    26     9     5    13     0     1    -3.0   24.902  121.284    603.8    952.9    300.7    296.6      1.1    203.2     84.4    135.8    162.9
    11     1    26     9     5    13     0     1    -3.0   25.048  121.274    260.7   1003.7    300.4    300.7      0.1    820.0     76.9     13.5    170.1
    12     1    26     9     5    13     0     1    -3.0   25.073  121.311   1182.1    880.1    303.3    292.4      1.2     74.6     72.1    251.7    161.1
    13     1    26     9     5    13     0     1    -3.0   24.867  121.099    905.4    917.3    301.4    294.0      1.3     79.3     85.4    165.7    161.1
    14     1    26     9     5    13     0     1    -3.0   24.724  121.024    275.4    992.1    299.9    299.2      0.9    393.3     81.7    105.8    164.1
    15     1    26     9     5    13     0     1    -3.0   24.814  121.019    854.6    843.5    306.2    291.5      0.8     39.4     64.7    953.6    147.4
    16     1    26     9     5    13     0     1    -3.0   25.015  121.434    335.4    991.2    300.3    299.5      0.7    612.6     79.3     54.7    173.0
    17     1    26     9     5    13     0     1    -3.0   25.223  121.417    251.9   1005.4    300.5    300.9      0.0    828.7     73.6      0.0    172.9
    18     1    26     9     5    13     0     1    -3.0   25.069  121.460    685.9    934.5    301.5    295.7      1.1    120.4     81.5    230.8    159.8
    19     1    26     9     5    13     0     1    -3.0   25.394  121.404    286.5    947.1    300.7    296.0      0.0    874.4     81.8      0.0    176.2
    20     1    26     9     5    13     0     1    -3.0   25.578  121.359     88.8    968.7    300.3    297.6      0.0    917.4     79.4      0.0    179.1
    21     1    26     9     5    13     0     1    -3.0   25.292  121.365    746.7    886.1    303.1    292.8      0.9    440.5     69.9    118.1    155.1
    22     1    26     9     5    13     0     1    -3.0   25.254  121.193    358.3    934.5    300.9    295.1      0.3    739.6     84.5     45.1    165.4
    23     1    26     9     5    13     0     1    -3.0   25.329  121.166      0.0    979.2    300.3    298.5      0.0    907.6     79.2      0.0    178.3
    24     1    26     9     5    13     0     1    -3.0   25.019  121.072    766.1    858.4    304.8    291.7      1.1     56.4     64.2    392.7    160.2
    25     1    26     9     5    13     0     1    -3.0   25.521  121.563    238.2    952.4    300.7    296.5      0.0    870.0     79.2      0.0    176.6
    26     1    26     9     5    13     0     1    -3.0   25.666  121.506    130.7    964.1    300.5    297.4      0.0    896.2     76.7      0.0    180.3
    27     1    26     9     5    13     0     1    -3.0   25.527  121.616    479.2    922.9    301.6    294.8      0.2    769.1     76.0     32.8    167.3
     1     1    26     9     5    12     0     0    -4.0   25.191  121.394    316.1    962.5    300.4    297.2      0.5    578.7     85.3     75.8    236.2
     2     1    26     9     5    12     0     0    -4.0   25.725  121.416     91.5    996.1    300.3    300.0      0.0    857.6     74.5      0.0    268.0
     3     1    26     9     5    12     0     0    -4.0   25.545  121.469    746.7    921.9    302.3    295.3      0.2    723.8     67.5     25.3    255.9
     4     1    26     9     5    12     0     0    -4.0   25.182  121.191    530.1    939.4    300.7    295.4      0.5    585.5     86.8     76.5    236.7
     5     1    26     9     5    12     0     0    -4.0   25.105  121.153     15.3   1004.5    300.5    300.8      0.0    771.5     76.9      2.2    262.9
     6     1    26     9     5    12     0     0    -4.0   25.115  121.128    959.7    884.8    303.1    292.7      1.3     71.8     73.6    173.8    240.7
     7     1    26     9     5    12     0     0    -4.0   25.495  121.614    160.4    988.4    300.5    299.5      0.0    786.5     75.5      0.0    265.2
     8     1    26     9     5    12     0     0    -4.0   25.903  121.591    107.9    994.3    300.4    299.9      0.0    853.3     72.8      0.0    268.9
     9     1    26     9     5    12     0     0    -4.0   25.405  121.627    509.4    940.4    300.7    295.5      0.6    559.2     87.5     85.3    233.2
    10     1    26     9     5    12     0     0    -4.0   25.027  121.353    597.5    954.7    300.6    296.7      0.9    394.8     86.7    117.7    235.2
    11     1    26     9     5    12     0     0    -4.0   25.334  121.356    257.8   1005.3    300.4    300.8      0.0    793.9     75.2      0.0    267.3
    12     1    26     9     5    12     0     0    -4.0   25.462  121.450   1033.4    914.1    302.3    294.6      0.4    627.9     70.2     61.4    242.5
    13     1    26     9     5    12     0     0    -4.0   25.095  121.175    843.7    927.8    300.9    294.5      0.8    456.8     88.5    118.4    223.5
    14     1    26     9     5    12     0     0    -4.0   24.802  121.080    261.1    993.7    300.0    299.5      0.8    475.2     83.3    100.4    237.9
    15     1    26     9     5    12     0     0    -4.0   25.022  121.101   1184.4    865.1    304.3    291.9      1.1     58.0     71.4    398.0    242.6
    16     1    26     9     5    12     0     0    -4.0   25.170  121.551    306.4    994.0    300.3    299.8      0.4    669.2     79.3     51.2    246.5
    17     1    26     9     5    12     0     0    -4.0   25.559  121.527    251.4   1005.3    300.4    300.9      0.0    801.6     73.6      0.0    269.7
    18     1    26     9     5    12     0     0    -4.0   25.211  121.570    753.6    937.2    301.0    295.5      1.0    303.8     87.1    126.7    241.2
    19     1    26     9     5    12     0     0    -4.0   25.890  121.510    286.7    947.0    300.5    295.8      0.0    858.9     82.8      0.0    268.0
    20     1    26     9     5    12     0     0    -4.0   26.110  121.464    140.4    963.0    300.3    297.0      0.0    913.0     80.6      0.0    268.0
    21     1    26     9     5    12     0     0    -4.0   25.778  121.514    535.1    920.4    302.9    295.8      0.0    813.0     58.3      0.0    267.2
    22     1    26     9     5    12     0     0    -4.0   25.716  121.288    289.2    946.7    300.6    295.9      0.0    840.1     82.6      0.0    268.0
    23     1    26     9     5    12     0     0    -4.0   25.806  121.252     21.4    976.1    300.3    298.2      0.0    879.1     78.9      0.0    268.0
    24     1    26     9     5    12     0     0    -4.0   25.422  121.207    649.6    900.5    303.1    294.1      0.6    593.7     64.8     76.1    237.4
    25     1    26     9     5    12     0     0    -4.0   26.044  121.691    286.2    947.1    300.6    296.0      0.0    869.7     80.6      0.0    268.0
    26     1    26     9     5    12     0     0    -4.0   26.217  121.636    210.6    955.3    300.4    296.5      0.0    910.7     78.5      0.0    268.0
    27     1    26     9     5    12     0     0    -4.0   26.044  121.758    424.0    932.2    301.6    295.6      0.0    846.3     70.4      0.0    268.0
     1     1    26     9     5    11     0     1    -5.0   25.524  121.459    256.1    977.7    300.3    298.4      0.0    808.0     81.4      0.0    346.6
     2     1    26     9     5    11     0     1    -5.0   26.200  121.492     93.3    995.8    300.3    299.9      0.0    955.6     76.1      0.0    346.7
     3     1    26     9     5    11     0     1    -5.0   26.089  121.601    722.4    927.0    301.8    295.4      0.0    869.6     72.8      0.0    347.3
     4     1    26     9     5    11     0     1    -5.0   25.578  121.261    436.0    957.9    300.4    296.7      0.0    821.6     85.5      0.0    347.7
     5     1    26     9     5    11     0     1    -5.0   25.416  121.205     13.2   1004.8    300.3    300.7      0.0    822.5     78.1      0.0    348.8
     6     1    26     9     5    11     0     1    -5.0   25.528  121.249    747.5    921.5    302.1    295.1      0.2    755.8     73.7     28.1    330.4
     7     1    26     9     5    11     0     1    -5.0   25.929  121.701    165.5    987.7    300.3    299.3      0.0    856.4     78.4      0.0    348.9
     8     1    26     9     5    11     0     1    -5.0   26.402  121.685    124.1    992.4    300.3    299.6      0.0    965.4     74.1      0.0    346.6
     9     1    26     9     5    11     0     1    -5.0   25.766  121.708    402.5    961.5    300.4    297.1      0.0    807.0     84.4      0.0    346.4
    10     1    26     9     5    11     0     1    -5.0   25.221  121.415    507.2    970.0    300.4    297.7      0.4    676.6     85.3     65.4    309.4
    11     1    26     9     5    11     0     1    -5.0   25.687  121.426    258.2   1005.2    300.3    300.7      0.0    852.6     77.5      0.0    349.2
    12     1    26     9     5    11     0     1    -5.0   25.985  121.580    948.6    929.5    301.7    295.5      0.0    852.7     74.3      0.0    347.5
    13     1    26     9     5    11     0     1    -5.0   25.446  121.244    708.5    955.4    300.5    296.6      0.0    805.7     85.8      0.0    345.0
    14     1    26     9     5    11     0     1    -5.0   24.916  121.136    249.2    995.4    300.2    299.8      0.5    650.4     82.8     83.9    300.6
    15     1    26     9     5    11     0     1    -5.0   25.394  121.216   1059.6    908.8    302.2    294.1      0.6    659.1     77.7     84.9    302.5
    16     1    26     9     5    11     0     1    -5.0   25.410  121.625    286.2   1002.3    300.4    300.6      0.0    789.9     77.8      0.0    341.4
    17     1    26     9     5    11     0     1    -5.0   25.939  121.617    252.0   1005.2    300.4    300.8      0.0    871.5     76.0      0.0    349.0
    18     1    26     9     5    11     0     1    -5.0   25.421  121.650    661.6    950.7    300.5    296.2      0.5    641.9     89.4     86.6    299.0
    19     1    26     9     5    11     0     1    -5.0   26.465  121.611    336.2    941.5    300.6    295.4      0.0   1004.4     83.8      0.0    346.7
    20     1    26     9     5    11     0     1    -5.0   26.688  121.559    178.8    958.6    300.2    296.6      0.0   1045.7     82.2      0.0    345.1
    21     1    26     9     5    11     0     1    -5.0   26.388  121.674    604.5    913.0    302.9    295.2      0.0    942.9     60.9      0.0    346.5
    22     1    26     9     5    11     0     1    -5.0   26.272  121.380    339.7    941.2    300.5    295.3      0.0    955.5     85.7      0.0    346.8
    23     1    26     9     5    11     0     1    -5.0   26.341  121.328     48.0    973.0    300.2    297.8      0.0   1033.3     82.0      0.0    346.7
    24     1    26     9     5    11     0     1    -5.0   25.957  121.345    538.4    920.0    302.7    295.5      0.0    851.7     64.6      0.0    347.4
    25     1    26     9     5    11     0     1    -5.0   26.641  121.813    352.7    939.8    300.8    295.5      0.0   1033.6     78.9      0.0    346.5
    26     1    26     9     5    11     0     1    -5.0   26.818  121.747    285.5    947.0    300.7    296.0      0.0   1018.6     77.9      0.0    345.7
    27     1    26     9     5    11     0     1    -5.0   26.660  121.906    484.8    925.6    301.8    295.2      0.0    998.1     70.9      0.0    346.7
     1     1    26     9     5    10     0     2    -6.0   25.987  121.526    273.7    975.6    300.2    298.1      0.0    888.2     83.6      0.0    428.2
     2     1    26     9     5    10     0     2    -6.0   26.716  121.585     94.9    995.5    300.2    299.8      0.0   1083.0     76.6      0.0    424.4
     3     1    26     9     5    10     0     2    -6.0   26.715  121.753    740.8    924.4    301.8    295.0      0.0   1070.9     75.4      0.0    424.8
     4     1    26     9     5    10     0     2    -6.0   26.091  121.336    466.9    954.4    300.2    296.3      0.0    932.0     88.9      0.0    426.9
     5     1    26     9     5    10     0     2    -6.0   25.786  121.254     14.7   1004.6    300.3    300.7      0.0    891.0     79.5      0.0    428.7
     6     1    26     9     5    10     0     2    -6.0   26.069  121.375    714.9    927.7    301.7    295.3      0.0    877.8     77.9      0.0    426.1
     7     1    26     9     5    10     0     2    -6.0   26.425  121.781    179.7    986.1    300.2    299.0      0.0    983.9     79.5      0.0    425.3
     8     1    26     9     5    10     0     2    -6.0   26.935  121.794    137.1    990.8    300.2    299.4      0.0   1072.9     75.7      0.0    424.6
     9     1    26     9     5    10     0     2    -6.0   26.257  121.785    426.0    958.9    300.3    296.7      0.0    895.1     87.7      0.0    428.0
    10     1    26     9     5    10     0     2    -6.0   25.579  121.466    471.9    981.4    300.2    298.6      0.0    815.0     82.9      0.0    428.3
    11     1    26     9     5    10     0     2    -6.0   26.078  121.489    259.6   1005.1    300.3    300.7      0.0    945.8     78.3      0.0    425.8
    12     1    26     9     5    10     0     2    -6.0   26.596  121.723    975.9    926.2    301.6    295.1      0.0   1028.3     76.8      0.0    425.0
    13     1    26     9     5    10     0     2    -6.0   25.940  121.317    725.2    953.5    300.3    296.2      0.0    889.2     88.7      0.0    427.3
    14     1    26     9     5    10     0     2    -6.0   25.130  121.174    250.0   1005.1    300.3    300.8      0.0    797.0     80.5      0.0    419.9
    15     1    26     9     5    10     0     2    -6.0   25.893  121.335    942.9    930.1    301.7    295.5      0.0    846.7     78.2      0.0    426.9
    16     1    26     9     5    10     0     2    -6.0   25.758  121.680    286.3   1002.1    300.3    300.5      0.0    828.1     79.3      0.0    430.2
    17     1    26     9     5    10     0     2    -6.0   26.349  121.697    253.7   1005.1    300.4    300.8      0.0    974.8     75.9      0.0    425.3
    18     1    26     9     5    10     0     2    -6.0   25.775  121.708    590.0    968.3    300.3    297.5      0.0    810.3     86.0      0.0    426.4
    19     1    26     9     5    10     0     2    -6.0   27.108  121.747    335.5    941.0    300.7    295.6      0.0   1129.2     79.4      0.0    421.7
    20     1    26     9     5    10     0     2    -6.0   27.308  121.686    221.3    953.9    300.2    296.2      0.0   1153.0     80.9      0.0    424.3
    21     1    26     9     5    10     0     2    -6.0   27.057  121.861    594.6    912.9    302.7    294.9      0.0   1146.2     65.7      0.0    420.7
    22     1    26     9     5    10     0     2    -6.0   26.898  121.505    336.3    940.9    300.7    295.5      0.0   1136.2     82.4      0.0    421.9
    23     1    26     9     5    10     0     2    -6.0   26.925  121.435     55.8    971.9    299.9    297.5      0.0   1123.5     82.4      0.0    423.3
    24     1    26     9     5    10     0     2    -6.0   26.581  121.506    567.0    916.4    302.4    294.9      0.0   1031.4     70.6      0.0    424.8
    25     1    26     9     5    10     0     2    -6.0   27.302  121.966    364.4    938.3    301.1    295.6      0.0   1136.6     74.2      0.0    422.5
    26     1    26     9     5    10     0     2    -6.0   27.452  121.886    342.3    940.7    300.9    295.7      0.0   1150.3     72.5      0.0    424.9
    27     1    26     9     5    10     0     2    -6.0   27.335  122.083    479.2    925.2    301.8    295.1      0.0   1144.3     71.5      0.0    419.5
     1     1    26     9     5     9     0     3    -7.0   26.517  121.616    278.4    975.0    300.2    298.0      0.0   1072.5     84.2      0.0    504.0
     2     1    26     9     5     9     0     3    -7.0   27.266  121.707    112.8    993.4    300.0    299.4      0.0   1202.6     77.1      0.0    502.5
     3     1    26     9     5     9     0     3    -7.0   27.406  121.945    820.1    914.8    302.3    294.7      0.0   1186.4     70.3      0.0    494.9
     4     1    26     9     5     9     0     3    -7.0   26.672  121.446    476.7    952.9    300.2    296.1      0.0   1134.9     87.6      0.0    503.7
     5     1    26     9     5     9     0     3    -7.0   26.197  121.319     17.2   1004.2    300.3    300.6      0.0   1030.3     79.5      0.0    504.0
     6     1    26     9     5     9     0     3    -7.0   26.689  121.521    721.1    926.1    301.6    295.1      0.0   1102.6     79.7      0.0    504.0
     7     1    26     9     5     9     0     3    -7.0   26.978  121.898    194.7    984.3    300.0    298.6      0.0   1147.2     79.8      0.0    504.0
     8     1    26     9     5     9     0     3    -7.0   27.502  121.935    174.2    986.6    300.1    298.9      0.0   1213.4     76.5      0.0    503.2
     9     1    26     9     5     9     0     3    -7.0   26.817  121.888    437.6    957.5    300.1    296.4      0.0   1098.0     88.1      0.0    504.0
    10     1    26     9     5     9     0     3    -7.0   26.045  121.527    486.0    979.7    300.2    298.5      0.0    910.1     84.5      0.0    508.3
    11     1    26     9     5     9     0     3    -7.0   26.506  121.574    262.2   1004.8    300.3    300.7      0.0   1085.8     77.9      0.0    504.0
    12     1    26     9     5     9     0     3    -7.0   27.275  121.903   1036.9    918.1    302.0    294.7      0.0   1185.5     73.9      0.0    496.2
    13     1    26     9     5     9     0     3    -7.0   26.505  121.418    730.8    952.7    300.2    296.1      0.0   1097.1     88.7      0.0    504.0
    14     1    26     9     5     9     0     3    -7.0   25.451  121.204    250.6   1005.0    300.3    300.7      0.0    825.3     81.9      0.0    510.6
    15     1    26     9     5     9     0     3    -7.0   26.491  121.472    945.3    929.2    301.5    295.3      0.0   1036.3     80.4      0.0    504.0
    16     1    26     9     5     9     0     3    -7.0   26.162  121.736    293.5   1001.2    300.3    300.4      0.0    918.9     80.1      0.0    508.4
    17     1    26     9     5     9     0     3    -7.0   26.786  121.799    256.4   1005.0    300.3    300.7      0.0   1093.3     76.7      0.0    504.0
    18     1    26     9     5     9     0     3    -7.0   26.252  121.773    601.9    966.9    300.2    297.4      0.0    898.0     88.1      0.0    508.4
    19     1    26     9     5     9     0     3    -7.0   27.783  121.921    462.3    927.7    301.1    294.7      0.0   1166.2     78.3      0.0    496.0
    20     1    26     9     5     9     0     3    -7.0   27.944  121.837    357.7    938.9    300.3    294.9      0.0   1163.8     83.2      0.0    498.3
    21     1    26     9     5     9     0     3    -7.0   27.767  122.079    712.1    900.2    303.4    294.4      0.0   1186.4     60.7      0.0    494.0
    22     1    26     9     5     9     0     3    -7.0   27.578  121.674    456.8    928.2    301.1    294.8      0.0   1186.4     78.9      0.0    495.9
    23     1    26     9     5     9     0     3    -7.0   27.538  121.559    140.7    962.6    299.8    296.5      0.0   1185.9     85.6      0.0    499.2
    24     1    26     9     5     9     0     3    -7.0   27.267  121.699    630.2    908.2    302.9    294.7      0.0   1186.4     66.5      0.0    494.8
    25     1    26     9     5     9     0     3    -7.0   27.972  122.151    496.9    924.0    301.3    294.6      0.0   1156.3     74.8      0.0    496.3
    26     1    26     9     5     9     0     3    -7.0   28.091  122.052    485.8    925.2    300.9    294.3      0.0   1168.3     76.4      0.0    499.5
    27     1    26     9     5     9     0     3    -7.0   28.032  122.297    617.7    911.0    302.4    294.4      0.0   1188.5     67.2      0.0    496.0
     1     1    26     9     5     8     0     2    -8.0   27.108  121.724    313.1    970.6    299.9    297.3      0.0   1170.3     85.1      0.0    599.3
     2     1    26     9     5     8     0     2    -8.0   27.832  121.818    151.0    989.1    299.7    298.8      0.0   1188.9     80.2      0.0    599.3
     3     1    26     9     5     8     0     2    -8.0   28.110  122.170    946.2    902.4    302.9    294.1      0.4   1190.2     67.2      0.0    597.0
     4     1    26     9     5     8     0     2    -8.0   27.320  121.573    570.2    942.4    300.4    295.3      0.0   1180.8     86.6      0.0    599.0
     5     1    26     9     5     8     0     2    -8.0   26.653  121.400     23.6   1002.9    300.2    300.4      0.0   1153.8     79.3      0.0    602.2
     6     1    26     9     5     8     0     2    -8.0   27.371  121.706    827.1    913.8    302.2    294.5      0.1   1180.3     75.5      0.0    596.4
     7     1    26     9     5     8     0     2    -8.0   27.568  122.012    247.5    978.3    299.9    298.0      0.0   1209.4     82.5      0.0    600.5
     8     1    26     9     5     8     0     2    -8.0   28.075  122.061    243.8    978.7    299.8    298.0      0.2   1176.2     80.5      0.0    596.2
     9     1    26     9     5     8     0     2    -8.0   27.443  122.012    505.7    949.4    300.2    295.8      0.0   1176.2     86.6      0.0    599.4
    10     1    26     9     5     8     0     2    -8.0   26.572  121.609    491.3    978.5    300.1    298.2      0.0   1090.1     83.5      0.0    605.3
    11     1    26     9     5     8     0     2    -8.0   26.967  121.664    267.9   1004.0    300.0    300.3      0.0   1176.8     79.0      0.0    601.1
    12     1    26     9     5     8     0     2    -8.0   27.978  122.121   1170.0    904.7    302.9    294.3      0.3   1181.9     67.9      0.0    597.3
    13     1    26     9     5     8     0     2    -8.0   27.142  121.543    801.9    944.0    300.4    295.5      0.0   1174.6     86.7      0.0    598.7
    14     1    26     9     5     8     0     2    -8.0   25.819  121.235    252.4   1004.7    300.2    300.6      0.0    926.9     81.5      0.0    609.1
    15     1    26     9     5     8     0     2    -8.0   27.153  121.637   1016.6    920.2    301.8    294.7      0.0   1176.6     79.8      0.0    597.8
    16     1    26     9     5     8     0     2    -8.0   26.620  121.812    300.9    999.9    300.2    300.2      0.0   1076.3     78.6      0.0    605.2
    17     1    26     9     5     8     0     2    -8.0   27.239  121.902    260.1   1004.9    300.1    300.5      0.0   1208.1     77.9      0.0    602.6
    18     1    26     9     5     8     0     2    -8.0   26.793  121.859    609.3    965.5    300.1    297.1      0.0   1083.7     87.0      0.0    605.3
    19     1    26     9     5     8     0     2    -8.0   28.442  122.140    582.1    914.9    301.6    294.0      0.4   1147.8     75.3      0.0    585.7
    20     1    26     9     5     8     0     2    -8.0   28.552  122.029    480.1    925.7    300.7    294.1      0.2   1132.3     80.7      0.0    574.7
    21     1    26     9     5     8     0     2    -8.0   28.461  122.311    823.3    889.3    303.3    293.3      0.2   1185.3     65.9      0.0    585.4
    22     1    26     9     5     8     0     2    -8.0   28.252  121.890    576.9    915.2    301.6    294.1      0.4   1161.2     75.4      0.0    584.2
    23     1    26     9     5     8     0     2    -8.0   28.158  121.683    257.5    949.7    299.6    295.2      0.4   1160.2     88.8      0.0    593.8
    24     1    26     9     5     8     0     2    -8.0   27.976  121.921    756.9    895.5    303.5    294.1      0.4   1184.9     64.1      0.0    597.1
    25     1    26     9     5     8     0     2    -8.0   28.615  122.375    622.9    910.6    301.8    293.8      0.4   1132.0     72.7      0.0    583.0
    26     1    26     9     5     8     0     2    -8.0   28.678  122.256    584.4    914.6    301.3    293.7      0.2   1127.9     74.2      3.9    570.1
    27     1    26     9     5     8     0     2    -8.0   28.706  122.534    725.2    899.7    302.4    293.4      0.2   1157.7     71.3      0.0    582.0
     1     1    26     9     5     7     0     1    -9.0   27.717  121.810    394.3    962.1    299.7    296.4      0.0   1211.8     88.1      0.0    699.7
     2     1    26     9     5     7     0     1    -9.0   28.391  121.915    208.8    982.5    299.4    297.9      0.4   1165.4     82.6      0.0    691.6
     3     1    26     9     5     7     0     1    -9.0   28.780  122.405   1034.0    893.3    302.8    293.2      0.0   1144.4     71.0      0.0    688.9
     4     1    26     9     5     7     0     1    -9.0   27.975  121.729    671.2    931.6    300.5    294.5      0.1   1158.2     86.8      0.0    695.0
     5     1    26     9     5     7     0     1    -9.0   27.141  121.462     36.1   1001.7    299.9    300.1      0.0   1192.8     79.9      0.0    700.8
     6     1    26     9     5     7     0     1    -9.0   28.058  121.918    914.7    904.9    302.8    294.2      0.4   1162.7     71.0      0.0    698.5
     7     1    26     9     5     7     0     1    -9.0   28.164  122.104    310.4    971.3    299.6    297.1      0.1   1186.3     85.2      0.0    697.8
     8     1    26     9     5     7     0     1    -9.0   28.622  122.171    334.8    968.6    299.3    296.6      0.4   1139.1     85.2      1.1    680.2
     9     1    26     9     5     7     0     1    -9.0   28.090  122.138    613.8    938.1    300.1    294.7      0.0   1172.7     88.9      0.0    698.9
    10     1    26     9     5     7     0     1    -9.0   27.149  121.689    530.9    974.4    299.9    297.6      0.0   1181.1     85.3      0.0    697.0
    11     1    26     9     5     7     0     1    -9.0   27.447  121.734    276.8   1003.0    300.0    300.3      0.0   1236.1     78.8      0.0    700.5
    12     1    26     9     5     7     0     1    -9.0   28.653  122.355   1258.0    895.6    302.7    293.3      0.1   1167.8     72.3      0.0    689.3
    13     1    26     9     5     7     0     1    -9.0   27.798  121.684    911.3    932.9    300.4    294.5      0.0   1166.9     87.9      0.0    698.7
    14     1    26     9     5     7     0     1    -9.0   26.217  121.272    253.6   1004.3    300.2    300.6      0.0   1048.1     80.7      0.0    706.7
    15     1    26     9     5     7     0     1    -9.0   27.836  121.835   1120.8    909.6    302.4    294.3      0.3   1177.5     75.2      0.0    698.5
    16     1    26     9     5     7     0     1    -9.0   27.122  121.884    316.5    998.5    300.0    299.8      0.0   1172.8     79.5      0.0    696.2
    17     1    26     9     5     7     0     1    -9.0   27.698  121.983    264.9   1004.3    300.1    300.4      0.0   1252.9     77.8      0.0    700.6
    18     1    26     9     5     7     0     1    -9.0   27.392  121.948    667.5    959.3    299.9    296.4      0.0   1180.4     88.7      0.0    697.0
    19     1    26     9     5     7     0     1    -9.0   29.058  122.387    667.5    905.8    301.8    293.4      0.0   1034.7     75.7      0.0    678.8
    20     1    26     9     5     7     0     1    -9.0   29.107  122.265    570.6    916.0    301.1    293.7      0.0   1048.4     78.3      0.0    672.7
    21     1    26     9     5     7     0     1    -9.0   29.110  122.545    925.0    879.2    303.6    292.6      0.0   1063.6     65.9      0.0    682.5
    22     1    26     9     5     7     0     1    -9.0   28.888  122.134    661.8    906.4    301.7    293.4      0.0   1064.2     76.7      0.0    684.2
    23     1    26     9     5     7     0     1    -9.0   28.746  121.848    376.0    936.7    300.0    294.5      0.1   1110.5     86.0      3.2    679.1
    24     1    26     9     5     7     0     1    -9.0   28.653  122.151    845.8    886.4    303.3    293.1      0.0   1171.0     67.6      0.0    690.1
    25     1    26     9     5     7     0     1    -9.0   29.206  122.615    715.8    900.8    302.1    293.2      0.0   1035.6     72.2      0.0    676.5
    26     1    26     9     5     7     0     1    -9.0   29.217  122.486    671.2    905.4    301.8    293.3      0.0   1035.5     70.8      0.0    674.9
    27     1    26     9     5     7     0     1    -9.0   29.333  122.780    813.5    890.6    302.8    292.9      0.0   1025.4     69.8      0.0    679.1
     1     1    26     9     5     6     0     0   -10.0   28.336  121.908    474.8    953.1    299.7    295.6      0.3   1162.8     85.6      0.0    792.7
     2     1    26     9     5     6     0     0   -10.0   28.922  122.023    289.7    973.5    299.3    297.0      0.2   1133.9     84.1     12.8    780.8
     3     1    26     9     5     6     0     0   -10.0   29.416  122.643   1122.3    884.5    303.1    292.6      0.0   1043.4     68.7      0.0    792.0
     4     1    26     9     5     6     0     0   -10.0   28.609  121.940    738.2    924.7    300.6    294.0      0.3   1130.3     86.1      0.0    799.9
     5     1    26     9     5     6     0     0   -10.0   27.643  121.514     50.8   1000.2    300.0    300.0      0.0   1258.0     78.6      0.0    800.0
     6     1    26     9     5     6     0     0   -10.0   28.727  122.150    993.3    897.0    302.6    293.4      0.0   1147.1     73.4      0.0    799.7
     7     1    26     9     5     6     0     0   -10.0   28.754  122.202    436.1    957.3    299.3    295.6      0.4   1141.3     87.3      0.0    792.6
     8     1    26     9     5     6     0     0   -10.0   29.139  122.299    415.6    959.5    299.3    295.8      0.2   1079.9     86.5     10.4    764.8
     9     1    26     9     5     6     0     0   -10.0   28.726  122.323    693.2    929.5    300.5    294.3      0.4   1152.4     86.1      0.0    791.6
    10     1    26     9     5     6     0     0   -10.0   27.742  121.754    593.2    967.6    299.8    297.0      0.0   1248.5     86.2      0.0    800.0
    11     1    26     9     5     6     0     0   -10.0   27.933  121.801    289.3   1001.5    299.8    299.9      0.1   1229.7     77.9      0.0    796.6
    12     1    26     9     5     6     0     0   -10.0   29.298  122.595   1353.0    886.5    303.0    292.8      0.0   1050.4     69.2      0.0    792.0
    13     1    26     9     5     6     0     0   -10.0   28.438  121.882    980.4    925.5    300.6    294.1      0.4   1153.2     86.2      0.0    789.3
    14     1    26     9     5     6     0     0   -10.0   26.644  121.309    255.8   1003.8    300.2    300.6      0.0   1140.6     80.8      0.0    798.9
    15     1    26     9     5     6     0     0   -10.0   28.507  122.060   1186.5    902.4    302.3    293.6      0.2   1156.8     76.3      0.0    789.7
    16     1    26     9     5     6     0     0   -10.0   27.642  121.939    337.7    996.1    300.0    299.7      0.0   1257.3     78.7      0.0    800.0
    17     1    26     9     5     6     0     0   -10.0   28.154  122.062    272.0   1003.5    299.8    300.1      0.3   1185.0     77.1      0.0    787.2
    18     1    26     9     5     6     0     0   -10.0   28.008  122.029    758.9    949.5    299.9    295.5      0.0   1238.6     90.0      0.0    800.0
    19     1    26     9     5     6     0     0   -10.0   29.622  122.650    732.5    898.9    301.8    292.7      0.0   1064.5     76.4      0.0    792.4
    20     1    26     9     5     6     0     0   -10.0   29.615  122.524    698.0    902.5    301.6    292.9      0.0   1033.5     74.3      0.0    795.7
    21     1    26     9     5     6     0     0   -10.0   29.712  122.774    982.0    873.3    303.7    292.1      0.0   1095.4     64.2      0.0    793.5
    22     1    26     9     5     6     0     0   -10.0   29.476  122.397    718.4    900.4    301.7    292.8      0.0   1067.0     77.3      0.0    792.0
    23     1    26     9     5     6     0     0   -10.0   29.286  122.084    459.4    927.7    300.3    293.9      0.0   1065.7     85.4      0.0    791.3
    24     1    26     9     5     6     0     0   -10.0   29.298  122.378    953.5    876.2    303.7    292.4      0.0   1046.2     65.1      0.0    792.0
    25     1    26     9     5     6     0     0   -10.0   29.747  122.870    815.9    890.3    302.4    292.5      0.0   1048.5     70.4      0.0    795.7
    26     1    26     9     5     6     0     0   -10.0   29.709  122.736    809.0    891.4    302.3    292.5      0.0   1026.4     66.9      0.0    796.6
    27     1    26     9     5     6     0     0   -10.0   29.909  123.037    833.2    888.5    302.6    292.6      0.0   1092.4     70.4      0.0    796.8
     1     1    26     9     5     5     0     1   -11.0   28.938  122.057    597.2    940.1    299.8    294.6      0.1   1101.7     88.2      3.0    761.9
     2     1    26     9     5     5     0     1   -11.0   29.412  122.167    348.3    966.9    299.0    296.2      0.1   1036.6     87.8      4.7    763.3
     3     1    26     9     5     5     0     1   -11.0   29.993  122.908   1132.2    883.8    302.7    292.2      0.0   1127.2     73.9      0.0    773.3
     4     1    26     9     5     5     0     1   -11.0   29.209  122.202    785.3    919.9    300.7    293.6      0.0   1074.3     87.9      0.0    765.8
     5     1    26     9     5     5     0     1   -11.0   28.149  121.577     69.9    998.4    299.6    299.4      0.2   1146.6     78.8      0.0    757.9
     6     1    26     9     5     5     0     1   -11.0   29.365  122.400   1066.6    890.0    302.6    292.7      0.0   1070.2     75.3      0.0    767.9
     7     1    26     9     5     5     0     1   -11.0   29.310  122.351    544.4    945.8    299.6    294.9      0.1   1058.6     88.8      5.6    744.9
     8     1    26     9     5     5     0     1   -11.0   29.619  122.484    500.6    949.3    299.2    294.8      0.2   1056.2     89.7     15.9    765.0
     9     1    26     9     5     5     0     1   -11.0   29.329  122.563    731.5    925.7    300.5    293.9      0.0   1074.0     87.9      0.0    761.9
    10     1    26     9     5     5     0     1   -11.0   28.330  121.832    656.1    961.0    299.6    296.2      0.2   1150.8     86.4      0.0    760.6
    11     1    26     9     5     5     0     1   -11.0   28.420  121.872    306.5    999.9    299.4    299.4      0.3   1121.3     79.0      0.0    758.9
    12     1    26     9     5     5     0     1   -11.0   29.885  122.855   1369.1    885.1    302.7    292.3      0.0   1125.0     74.1      0.0    772.3
    13     1    26     9     5     5     0     1   -11.0   29.048  122.134   1019.2    921.7    300.6    293.7      0.0   1077.9     88.3      0.0    765.1
    14     1    26     9     5     5     0     1   -11.0   27.080  121.336    260.5   1005.1    299.9    300.4      0.0   1155.7     80.5      0.0    767.9
    15     1    26     9     5     5     0     1   -11.0   29.154  122.310   1257.0    896.4    302.3    293.0      0.0   1096.3     77.7      0.0    767.8
    16     1    26     9     5     5     0     1   -11.0   28.162  121.998    354.4    994.6    299.8    299.3      0.0   1218.7     78.5      0.0    766.2
    17     1    26     9     5     5     0     1   -11.0   28.604  122.139    284.2   1002.5    299.4    299.6      0.3   1098.2     79.5      0.0    760.9
    18     1    26     9     5     5     0     1   -11.0   28.628  122.149    833.3    941.7    300.0    294.9      0.3   1126.4     87.0      0.0    762.3
    19     1    26     9     5     5     0     1   -11.0   30.139  122.956    732.0    899.3    301.6    292.6      0.0   1065.0     79.5      0.0    771.9
    20     1    26     9     5     5     0     1   -11.0   30.076  122.812    758.1    896.9    301.7    292.4      0.0   1037.3     76.1      0.0    767.8
    21     1    26     9     5     5     0     1   -11.0   30.260  123.040    997.6    872.0    303.4    291.8      0.0   1092.9     68.5      0.0    769.4
    22     1    26     9     5     5     0     1   -11.0   30.013  122.705    712.0    901.4    301.6    292.7      0.0   1084.2     80.2      0.0    772.0
    23     1    26     9     5     5     0     1   -11.0   29.772  122.365    536.5    920.0    300.4    293.3      0.0   1005.2     86.9      0.0    772.5
    24     1    26     9     5     5     0     1   -11.0   29.885  122.622    983.9    873.4    303.4    291.9      0.0   1130.1     70.5      0.0    772.6
    25     1    26     9     5     5     0     1   -11.0   30.240  123.155    849.2    887.1    302.4    292.2      0.0   1058.2     73.7      0.0    770.5
    26     1    26     9     5     5     0     1   -11.0   30.159  123.006    886.0    884.1    302.5    292.0      0.0   1027.5     68.4      0.0    766.1
    27     1    26     9     5     5     0     1   -11.0   30.435  123.338    821.8    889.9    302.3    292.4      0.0   1079.9     74.5      0.0    769.1
     1     1    26     9     5     4     0     2   -12.0   29.483  122.282    643.6    935.4    299.9    294.3      0.0   1041.7     89.2      0.0    735.2
     2     1    26     9     5     4     0     2   -12.0   29.870  122.359    377.2    965.0    298.9    295.9      0.1    980.6     88.8      0.0    736.3
     3     1    26     9     5     4     0     2   -12.0   30.515  123.230   1150.7    882.1    302.7    292.0      0.0   1106.0     76.0      0.0    744.9
     4     1    26     9     5     4     0     2   -12.0   29.755  122.523    794.9    919.3    300.5    293.4      0.0   1094.0     88.7      0.0    746.1
     5     1    26     9     5     4     0     2   -12.0   28.640  121.640     90.4    996.4    299.2    298.9      0.3   1075.6     81.1      3.1    731.4
     6     1    26     9     5     4     0     2   -12.0   29.942  122.697   1083.7    889.0    302.4    292.3      0.0   1147.7     79.9      0.0    739.5
     7     1    26     9     5     4     0     2   -12.0   29.817  122.577    596.9    940.0    299.6    294.3      0.1   1030.2     90.2      6.4    738.4
     8     1    26     9     5     4     0     2   -12.0   30.069  122.728    533.5    947.9    299.1    294.5      0.0    985.4     91.4      0.0    744.2
     9     1    26     9     5     4     0     2   -12.0   29.875  122.858    764.2    922.6    300.5    293.6      0.0   1067.6     89.6      0.0    743.0
    10     1    26     9     5     4     0     2   -12.0   28.900  121.928    740.1    952.1    299.3    295.2      0.3   1076.8     91.2      3.5    732.8
    11     1    26     9     5     4     0     2   -12.0   28.890  121.946    319.5    998.8    299.2    299.1      0.3   1079.7     80.3     20.0    719.7
    12     1    26     9     5     4     0     2   -12.0   30.417  123.173   1390.3    883.2    302.6    292.0      0.0   1111.6     77.3      0.0    744.1
    13     1    26     9     5     4     0     2   -12.0   29.607  122.443   1039.6    919.9    300.6    293.5      0.0   1085.3     89.3      0.0    744.3
    14     1    26     9     5     4     0     2   -12.0   27.504  121.359    266.2   1004.9    299.8    300.2      0.0   1166.9     80.1      0.0    741.3
    15     1    26     9     5     4     0     2   -12.0   29.749  122.601   1280.2    894.3    302.1    292.6      0.0   1141.4     81.1      0.0    745.1
    16     1    26     9     5     4     0     2   -12.0   28.663  122.060    370.7    993.1    299.4    298.8      0.3   1098.2     79.8      0.0    719.2
    17     1    26     9     5     4     0     2   -12.0   29.028  122.213    275.0   1003.8    299.4    299.7      0.3   1042.9     79.0     18.5    687.2
    18     1    26     9     5     4     0     2   -12.0   29.216  122.332    898.5    934.9    300.1    294.4      0.1   1067.5     89.0      3.1    732.4
    19     1    26     9     5     4     0     2   -12.0   30.614  123.315    738.0    898.9    301.2    292.2      0.0   1123.7     84.7      0.0    750.0
    20     1    26     9     5     4     0     2   -12.0   30.499  123.130    783.1    894.5    301.5    292.1      0.0   1048.2     79.6      0.0    749.6
    21     1    26     9     5     4     0     2   -12.0   30.755  123.352   1017.0    870.2    303.1    291.3      0.0   1124.6     73.6      0.0    749.6
    22     1    26     9     5     4     0     2   -12.0   30.507  123.074    717.3    901.1    301.3    292.4      0.0   1119.4     83.9      0.0    749.1
    23     1    26     9     5     4     0     2   -12.0   30.219  122.693    561.5    917.7    300.3    293.0      0.0   1041.5     88.5      0.0    745.2
    24     1    26     9     5     4     0     2   -12.0   30.414  122.920   1009.1    871.1    303.2    291.5      0.0   1111.9     73.0      0.0    744.0
    25     1    26     9     5     4     0     2   -12.0   30.689  123.475    864.5    885.9    302.0    291.7      0.0   1087.0     78.7      0.0    749.3
    26     1    26     9     5     4     0     2   -12.0   30.568  123.297    920.0    880.6    302.6    291.7      0.0   1018.5     69.0      0.0    751.1
    27     1    26     9     5     4     0     2   -12.0   30.915  123.690    850.9    887.2    301.9    291.7      0.0   1139.7     81.3      0.0    752.0
